    1    32      0.00     0.170
    2    32      0.00     0.041
    3    32      0.00     0.036
    4    32      0.00     0.036
    5    32      0.00     0.034
    6    32      0.00     0.045
    7    32      0.00     0.034
    8    32      0.00     0.033
    9    32      0.00     0.034
   10    32      0.00     0.034
    1    32      0.01     0.038
    2    32      0.01     0.033
    3    32      0.01     0.034
    4    32      0.01     0.033
    5    32      0.01     0.033
    6    32      0.01     0.033
    7    32      0.01     0.033
    8    32      0.01     0.033
    9    32      0.01     0.034
   10    32      0.01     0.033
    1    32      0.05     0.036
    2    32      0.05     0.034
    3    32      0.05     0.034
    4    32      0.05     0.033
    5    32      0.05     0.033
    6    32      0.05     0.033
    7    32      0.05     0.033
    8    32      0.05     0.033
    9    32      0.05     0.032
   10    32      0.05     0.034
    1    32      0.10     0.037
    2    32      0.10     0.034
    3    32      0.10     0.034
    4    32      0.10     0.033
    5    32      0.10     0.032
    6    32      0.10     0.034
    7    32      0.10     0.033
    8    32      0.10     0.033
    9    32      0.10     0.033
   10    32      0.10     0.033
    1    32      0.25     0.037
    2    32      0.25     0.033
    3    32      0.25     0.033
    4    32      0.25     0.033
    5    32      0.25     0.032
    6    32      0.25     0.033
    7    32      0.25     0.034
    8    32      0.25     0.033
    9    32      0.25     0.032
   10    32      0.25     0.033
    1    32      0.50     0.037
    2    32      0.50     0.034
    3    32      0.50     0.034
    4    32      0.50     0.033
    5    32      0.50     0.032
    6    32      0.50     0.034
    7    32      0.50     0.034
    8    32      0.50     0.032
    9    32      0.50     0.032
   10    32      0.50     0.033
    1    32      0.75     0.037
    2    32      0.75     0.033
    3    32      0.75     0.033
    4    32      0.75     0.034
    5    32      0.75     0.032
    6    32      0.75     0.060
    7    32      0.75     0.034
    8    32      0.75     0.033
    9    32      0.75     0.033
   10    32      0.75     0.034
    1    32      0.90     0.038
    2    32      0.90     0.033
    3    32      0.90     0.033
    4    32      0.90     0.034
    5    32      0.90     0.034
    6    32      0.90     0.033
    7    32      0.90     0.033
    8    32      0.90     0.034
    9    32      0.90     0.033
   10    32      0.90     0.033
    1    32      0.95     0.037
    2    32      0.95     0.042
    3    32      0.95     0.032
    4    32      0.95     0.032
    5    32      0.95     0.031
    6    32      0.95     0.032
    7    32      0.95     0.032
    8    32      0.95     0.032
    9    32      0.95     0.032
   10    32      0.95     0.032
    1    32      0.99     0.036
    2    32      0.99     0.033
    3    32      0.99     0.032
    4    32      0.99     0.032
    5    32      0.99     0.032
    6    32      0.99     0.032
    7    32      0.99     0.032
    8    32      0.99     0.032
    9    32      0.99     0.032
   10    32      0.99     0.032
    1    32      1.00     0.037
    2    32      1.00     0.033
    3    32      1.00     0.032
    4    32      1.00     0.032
    5    32      1.00     0.032
    6    32      1.00     0.032
    7    32      1.00     0.032
    8    32      1.00     0.032
    9    32      1.00     0.032
   10    32      1.00     0.032
    1    64      0.00     0.068
    2    64      0.00     0.055
    3    64      0.00     0.055
    4    64      0.00     0.055
    5    64      0.00     0.054
    6    64      0.00     0.054
    7    64      0.00     0.057
    8    64      0.00     0.054
    9    64      0.00     0.054
   10    64      0.00     0.055
    1    64      0.01     0.062
    2    64      0.01     0.055
    3    64      0.01     0.055
    4    64      0.01     0.059
    5    64      0.01     0.056
    6    64      0.01     0.059
    7    64      0.01     0.060
    8    64      0.01     0.059
    9    64      0.01     0.099
   10    64      0.01     0.063
    1    64      0.05     0.070
    2    64      0.05     0.060
    3    64      0.05     0.059
    4    64      0.05     0.059
    5    64      0.05     0.059
    6    64      0.05     0.059
    7    64      0.05     0.059
    8    64      0.05     0.059
    9    64      0.05     0.058
   10    64      0.05     0.058
    1    64      0.10     0.065
    2    64      0.10     0.058
    3    64      0.10     0.058
    4    64      0.10     0.058
    5    64      0.10     0.059
    6    64      0.10     0.059
    7    64      0.10     0.059
    8    64      0.10     0.059
    9    64      0.10     0.068
   10    64      0.10     0.058
    1    64      0.25     0.065
    2    64      0.25     0.059
    3    64      0.25     0.058
    4    64      0.25     0.059
    5    64      0.25     0.058
    6    64      0.25     0.058
    7    64      0.25     0.058
    8    64      0.25     0.058
    9    64      0.25     0.058
   10    64      0.25     0.059
    1    64      0.50     0.065
    2    64      0.50     0.059
    3    64      0.50     0.058
    4    64      0.50     0.059
    5    64      0.50     0.058
    6    64      0.50     0.057
    7    64      0.50     0.058
    8    64      0.50     0.058
    9    64      0.50     0.058
   10    64      0.50     0.058
    1    64      0.75     0.066
    2    64      0.75     0.058
    3    64      0.75     0.058
    4    64      0.75     0.058
    5    64      0.75     0.058
    6    64      0.75     0.058
    7    64      0.75     0.059
    8    64      0.75     0.058
    9    64      0.75     0.058
   10    64      0.75     0.058
    1    64      0.90     0.065
    2    64      0.90     0.058
    3    64      0.90     0.058
    4    64      0.90     0.058
    5    64      0.90     0.059
    6    64      0.90     0.058
    7    64      0.90     0.058
    8    64      0.90     0.058
    9    64      0.90     0.058
   10    64      0.90     0.058
    1    64      0.95     0.065
    2    64      0.95     0.059
    3    64      0.95     0.058
    4    64      0.95     0.057
    5    64      0.95     0.058
    6    64      0.95     0.058
    7    64      0.95     0.058
    8    64      0.95     0.058
    9    64      0.95     0.058
   10    64      0.95     0.058
    1    64      0.99     0.064
    2    64      0.99     0.058
    3    64      0.99     0.057
    4    64      0.99     0.058
    5    64      0.99     0.058
    6    64      0.99     0.058
    7    64      0.99     0.058
    8    64      0.99     0.058
    9    64      0.99     0.058
   10    64      0.99     0.065
    1    64      1.00     0.065
    2    64      1.00     0.058
    3    64      1.00     0.058
    4    64      1.00     0.058
    5    64      1.00     0.058
    6    64      1.00     0.058
    7    64      1.00     0.056
    8    64      1.00     0.057
    9    64      1.00     0.057
   10    64      1.00     0.057
    1   128      0.00     0.127
    2   128      0.00     0.109
    3   128      0.00     0.105
    4   128      0.00     0.103
    5   128      0.00     0.104
    6   128      0.00     0.103
    7   128      0.00     0.103
    8   128      0.00     0.103
    9   128      0.00     0.103
   10   128      0.00     0.103
    1   128      0.01     0.116
    2   128      0.01     0.104
    3   128      0.01     0.103
    4   128      0.01     0.103
    5   128      0.01     0.103
    6   128      0.01     0.103
    7   128      0.01     0.103
    8   128      0.01     0.104
    9   128      0.01     0.103
   10   128      0.01     0.103
    1   128      0.05     0.115
    2   128      0.05     0.103
    3   128      0.05     0.103
    4   128      0.05     0.103
    5   128      0.05     0.103
    6   128      0.05     0.103
    7   128      0.05     0.104
    8   128      0.05     0.103
    9   128      0.05     0.103
   10   128      0.05     0.129
    1   128      0.10     0.116
    2   128      0.10     0.104
    3   128      0.10     0.103
    4   128      0.10     0.103
    5   128      0.10     0.103
    6   128      0.10     0.103
    7   128      0.10     0.110
    8   128      0.10     0.104
    9   128      0.10     0.103
   10   128      0.10     0.104
    1   128      0.25     0.116
    2   128      0.25     0.103
    3   128      0.25     0.103
    4   128      0.25     0.103
    5   128      0.25     0.103
    6   128      0.25     0.109
    7   128      0.25     0.103
    8   128      0.25     0.103
    9   128      0.25     0.104
   10   128      0.25     0.103
    1   128      0.50     0.116
    2   128      0.50     0.103
    3   128      0.50     0.103
    4   128      0.50     0.103
    5   128      0.50     0.103
    6   128      0.50     0.103
    7   128      0.50     0.103
    8   128      0.50     0.103
    9   128      0.50     0.103
   10   128      0.50     0.103
    1   128      0.75     0.115
    2   128      0.75     0.104
    3   128      0.75     0.103
    4   128      0.75     0.103
    5   128      0.75     0.110
    6   128      0.75     0.103
    7   128      0.75     0.103
    8   128      0.75     0.114
    9   128      0.75     0.104
   10   128      0.75     0.103
    1   128      0.90     0.115
    2   128      0.90     0.124
    3   128      0.90     0.103
    4   128      0.90     0.103
    5   128      0.90     0.103
    6   128      0.90     0.103
    7   128      0.90     0.105
    8   128      0.90     0.105
    9   128      0.90     0.103
   10   128      0.90     0.105
    1   128      0.95     0.117
    2   128      0.95     0.105
    3   128      0.95     0.104
    4   128      0.95     0.105
    5   128      0.95     0.104
    6   128      0.95     0.104
    7   128      0.95     0.105
    8   128      0.95     0.104
    9   128      0.95     0.105
   10   128      0.95     0.104
    1   128      0.99     0.117
    2   128      0.99     0.104
    3   128      0.99     0.104
    4   128      0.99     0.104
    5   128      0.99     0.105
    6   128      0.99     0.105
    7   128      0.99     0.105
    8   128      0.99     0.104
    9   128      0.99     0.104
   10   128      0.99     0.104
    1   128      1.00     0.123
    2   128      1.00     0.104
    3   128      1.00     0.113
    4   128      1.00     0.115
    5   128      1.00     0.105
    6   128      1.00     0.104
    7   128      1.00     0.104
    8   128      1.00     0.104
    9   128      1.00     0.104
   10   128      1.00     0.104
    1   256      0.00     0.259
    2   256      0.00     0.214
    3   256      0.00     0.214
    4   256      0.00     0.215
    5   256      0.00     0.203
    6   256      0.00     0.206
    7   256      0.00     0.212
    8   256      0.00     0.215
    9   256      0.00     0.212
   10   256      0.00     0.215
    1   256      0.01     0.231
    2   256      0.01     0.217
    3   256      0.01     0.205
    4   256      0.01     0.197
    5   256      0.01     0.212
    6   256      0.01     0.211
    7   256      0.01     0.203
    8   256      0.01     0.226
    9   256      0.01     0.213
   10   256      0.01     0.215
    1   256      0.05     0.233
    2   256      0.05     0.215
    3   256      0.05     0.211
    4   256      0.05     0.215
    5   256      0.05     0.196
    6   256      0.05     0.204
    7   256      0.05     0.215
    8   256      0.05     0.211
    9   256      0.05     0.213
   10   256      0.05     0.194
    1   256      0.10     0.225
    2   256      0.10     0.195
    3   256      0.10     0.195
    4   256      0.10     0.196
    5   256      0.10     0.212
    6   256      0.10     0.216
    7   256      0.10     0.212
    8   256      0.10     0.216
    9   256      0.10     0.195
   10   256      0.10     0.212
    1   256      0.25     0.239
    2   256      0.25     0.209
    3   256      0.25     0.216
    4   256      0.25     0.195
    5   256      0.25     0.213
    6   256      0.25     0.214
    7   256      0.25     0.212
    8   256      0.25     0.215
    9   256      0.25     0.195
   10   256      0.25     0.231
    1   256      0.50     0.229
    2   256      0.50     0.197
    3   256      0.50     0.196
    4   256      0.50     0.212
    5   256      0.50     0.220
    6   256      0.50     0.196
    7   256      0.50     0.205
    8   256      0.50     0.211
    9   256      0.50     0.215
   10   256      0.50     0.216
    1   256      0.75     0.247
    2   256      0.75     0.219
    3   256      0.75     0.199
    4   256      0.75     0.215
    5   256      0.75     0.211
    6   256      0.75     0.214
    7   256      0.75     0.211
    8   256      0.75     0.221
    9   256      0.75     0.214
   10   256      0.75     0.196
    1   256      0.90     0.247
    2   256      0.90     0.224
    3   256      0.90     0.205
    4   256      0.90     0.206
    5   256      0.90     0.212
    6   256      0.90     0.215
    7   256      0.90     0.213
    8   256      0.90     0.213
    9   256      0.90     0.215
   10   256      0.90     0.215
    1   256      0.95     0.233
    2   256      0.95     0.211
    3   256      0.95     0.203
    4   256      0.95     0.211
    5   256      0.95     0.213
    6   256      0.95     0.233
    7   256      0.95     0.216
    8   256      0.95     0.213
    9   256      0.95     0.206
   10   256      0.95     0.227
    1   256      0.99     0.233
    2   256      0.99     0.199
    3   256      0.99     0.209
    4   256      0.99     0.206
    5   256      0.99     0.221
    6   256      0.99     0.216
    7   256      0.99     0.224
    8   256      0.99     0.194
    9   256      0.99     0.195
   10   256      0.99     0.194
    1   256      1.00     0.219
    2   256      1.00     0.206
    3   256      1.00     0.210
    4   256      1.00     0.232
    5   256      1.00     0.196
    6   256      1.00     0.206
    7   256      1.00     0.210
    8   256      1.00     0.216
    9   256      1.00     0.210
   10   256      1.00     0.215
    1   512      0.00     0.460
    2   512      0.00     0.381
    3   512      0.00     0.422
    4   512      0.00     0.408
    5   512      0.00     0.414
    6   512      0.00     0.379
    7   512      0.00     0.405
    8   512      0.00     0.377
    9   512      0.00     0.406
   10   512      0.00     0.393
    1   512      0.01     0.432
    2   512      0.01     0.370
    3   512      0.01     0.404
    4   512      0.01     0.401
    5   512      0.01     0.396
    6   512      0.01     0.385
    7   512      0.01     0.399
    8   512      0.01     0.363
    9   512      0.01     0.388
   10   512      0.01     0.362
    1   512      0.05     0.432
    2   512      0.05     0.370
    3   512      0.05     0.406
    4   512      0.05     0.379
    5   512      0.05     0.396
    6   512      0.05     0.362
    7   512      0.05     0.392
    8   512      0.05     0.402
    9   512      0.05     0.404
   10   512      0.05     0.393
    1   512      0.10     0.433
    2   512      0.10     0.373
    3   512      0.10     0.406
    4   512      0.10     0.378
    5   512      0.10     0.396
    6   512      0.10     0.363
    7   512      0.10     0.398
    8   512      0.10     0.389
    9   512      0.10     0.401
   10   512      0.10     0.396
    1   512      0.25     0.433
    2   512      0.25     0.373
    3   512      0.25     0.404
    4   512      0.25     0.400
    5   512      0.25     0.398
    6   512      0.25     0.362
    7   512      0.25     0.399
    8   512      0.25     0.415
    9   512      0.25     0.403
   10   512      0.25     0.394
    1   512      0.50     0.432
    2   512      0.50     0.372
    3   512      0.50     0.403
    4   512      0.50     0.401
    5   512      0.50     0.404
    6   512      0.50     0.379
    7   512      0.50     0.415
    8   512      0.50     0.401
    9   512      0.50     0.404
   10   512      0.50     0.373
    1   512      0.75     0.431
    2   512      0.75     0.371
    3   512      0.75     0.405
    4   512      0.75     0.401
    5   512      0.75     0.387
    6   512      0.75     0.385
    7   512      0.75     0.395
    8   512      0.75     0.416
    9   512      0.75     0.389
   10   512      0.75     0.363
    1   512      0.90     0.452
    2   512      0.90     0.372
    3   512      0.90     0.379
    4   512      0.90     0.363
    5   512      0.90     0.372
    6   512      0.90     0.420
    7   512      0.90     0.376
    8   512      0.90     0.393
    9   512      0.90     0.380
   10   512      0.90     0.396
    1   512      0.95     0.407
    2   512      0.95     0.392
    3   512      0.95     0.402
    4   512      0.95     0.423
    5   512      0.95     0.368
    6   512      0.95     0.387
    7   512      0.95     0.368
    8   512      0.95     0.392
    9   512      0.95     0.401
   10   512      0.95     0.385
    1   512      0.99     0.428
    2   512      0.99     0.397
    3   512      0.99     0.377
    4   512      0.99     0.393
    5   512      0.99     0.378
    6   512      0.99     0.393
    7   512      0.99     0.384
    8   512      0.99     0.398
    9   512      0.99     0.396
   10   512      0.99     0.398
    1   512      1.00     0.425
    2   512      1.00     0.395
    3   512      1.00     0.365
    4   512      1.00     0.393
    5   512      1.00     0.378
    6   512      1.00     0.392
    7   512      1.00     0.434
    8   512      1.00     0.364
    9   512      1.00     0.393
   10   512      1.00     0.377
    1  1024      0.00     0.850
    2  1024      0.00     0.709
    3  1024      0.00     0.720
    4  1024      0.00     0.675
    5  1024      0.00     0.717
    6  1024      0.00     0.691
    7  1024      0.00     0.716
    8  1024      0.00     0.691
    9  1024      0.00     0.722
   10  1024      0.00     0.691
    1  1024      0.01     0.783
    2  1024      0.01     0.693
    3  1024      0.01     0.718
    4  1024      0.01     0.695
    5  1024      0.01     0.712
    6  1024      0.01     0.689
    7  1024      0.01     0.714
    8  1024      0.01     0.691
    9  1024      0.01     0.713
   10  1024      0.01     0.695
    1  1024      0.05     0.783
    2  1024      0.05     0.692
    3  1024      0.05     0.691
    4  1024      0.05     0.692
    5  1024      0.05     0.717
    6  1024      0.05     0.754
    7  1024      0.05     0.717
    8  1024      0.05     0.691
    9  1024      0.05     0.718
   10  1024      0.05     0.691
    1  1024      0.10     0.788
    2  1024      0.10     0.691
    3  1024      0.10     0.716
    4  1024      0.10     0.691
    5  1024      0.10     0.727
    6  1024      0.10     0.692
    7  1024      0.10     0.718
    8  1024      0.10     0.692
    9  1024      0.10     0.716
   10  1024      0.10     0.690
    1  1024      0.25     0.785
    2  1024      0.25     0.731
    3  1024      0.25     0.734
    4  1024      0.25     0.690
    5  1024      0.25     0.718
    6  1024      0.25     0.690
    7  1024      0.25     0.717
    8  1024      0.25     0.694
    9  1024      0.25     0.718
   10  1024      0.25     0.692
    1  1024      0.50     0.781
    2  1024      0.50     0.689
    3  1024      0.50     0.728
    4  1024      0.50     0.703
    5  1024      0.50     0.717
    6  1024      0.50     0.692
    7  1024      0.50     0.718
    8  1024      0.50     0.741
    9  1024      0.50     0.765
   10  1024      0.50     0.690
    1  1024      0.75     0.774
    2  1024      0.75     0.704
    3  1024      0.75     0.716
    4  1024      0.75     0.700
    5  1024      0.75     0.691
    6  1024      0.75     0.716
    7  1024      0.75     0.753
    8  1024      0.75     0.743
    9  1024      0.75     0.692
   10  1024      0.75     0.648
    1  1024      0.90     0.767
    2  1024      0.90     0.644
    3  1024      0.90     0.645
    4  1024      0.90     0.644
    5  1024      0.90     0.644
    6  1024      0.90     0.775
    7  1024      0.90     0.761
    8  1024      0.90     0.756
    9  1024      0.90     0.798
   10  1024      0.90     0.798
    1  1024      0.95     0.931
    2  1024      0.95     0.832
    3  1024      0.95     0.782
    4  1024      0.95     0.786
    5  1024      0.95     0.790
    6  1024      0.95     0.780
    7  1024      0.95     0.782
    8  1024      0.95     0.749
    9  1024      0.95     0.723
   10  1024      0.95     0.739
    1  1024      0.99     0.827
    2  1024      0.99     0.714
    3  1024      0.99     0.714
    4  1024      0.99     0.716
    5  1024      0.99     0.735
    6  1024      0.99     0.764
    7  1024      0.99     0.777
    8  1024      0.99     0.779
    9  1024      0.99     0.792
   10  1024      0.99     0.825
    1  1024      1.00     0.846
    2  1024      1.00     0.704
    3  1024      1.00     0.758
    4  1024      1.00     0.797
    5  1024      1.00     0.816
    6  1024      1.00     0.715
    7  1024      1.00     0.802
    8  1024      1.00     0.762
    9  1024      1.00     0.742
   10  1024      1.00     0.726
    1  2048      0.00     1.757
    2  2048      0.00     1.546
    3  2048      0.00     1.675
    4  2048      0.00     1.468
    5  2048      0.00     1.402
    6  2048      0.00     1.363
    7  2048      0.00     1.509
    8  2048      0.00     1.511
    9  2048      0.00     1.637
   10  2048      0.00     1.579
    1  2048      0.01     1.646
    2  2048      0.01     1.634
    3  2048      0.01     1.550
    4  2048      0.01     1.523
    5  2048      0.01     1.561
    6  2048      0.01     1.665
    7  2048      0.01     1.582
    8  2048      0.01     1.591
    9  2048      0.01     1.751
   10  2048      0.01     1.562
    1  2048      0.05     1.774
    2  2048      0.05     1.583
    3  2048      0.05     1.574
    4  2048      0.05     1.514
    5  2048      0.05     1.600
    6  2048      0.05     1.560
    7  2048      0.05     1.580
    8  2048      0.05     1.527
    9  2048      0.05     1.465
   10  2048      0.05     1.475
    1  2048      0.10     1.729
    2  2048      0.10     1.463
    3  2048      0.10     1.394
    4  2048      0.10     1.365
    5  2048      0.10     1.410
    6  2048      0.10     1.374
    7  2048      0.10     1.399
    8  2048      0.10     1.454
    9  2048      0.10     1.400
   10  2048      0.10     1.376
    1  2048      0.25     1.624
    2  2048      0.25     1.373
    3  2048      0.25     1.396
    4  2048      0.25     1.427
    5  2048      0.25     1.402
    6  2048      0.25     1.404
    7  2048      0.25     1.389
    8  2048      0.25     1.373
    9  2048      0.25     1.457
   10  2048      0.25     1.373
    1  2048      0.50     1.540
    2  2048      0.50     1.384
    3  2048      0.50     1.401
    4  2048      0.50     1.372
    5  2048      0.50     1.406
    6  2048      0.50     1.373
    7  2048      0.50     1.398
    8  2048      0.50     1.379
    9  2048      0.50     1.397
   10  2048      0.50     1.384
    1  2048      0.75     1.581
    2  2048      0.75     1.373
    3  2048      0.75     1.408
    4  2048      0.75     1.373
    5  2048      0.75     1.400
    6  2048      0.75     1.378
    7  2048      0.75     1.477
    8  2048      0.75     1.463
    9  2048      0.75     1.370
   10  2048      0.75     1.334
    1  2048      0.90     1.519
    2  2048      0.90     1.342
    3  2048      0.90     1.365
    4  2048      0.90     1.336
    5  2048      0.90     1.370
    6  2048      0.90     1.334
    7  2048      0.90     1.362
    8  2048      0.90     1.341
    9  2048      0.90     1.372
   10  2048      0.90     1.335
    1  2048      0.95     1.524
    2  2048      0.95     1.334
    3  2048      0.95     1.364
    4  2048      0.95     1.349
    5  2048      0.95     1.366
    6  2048      0.95     1.339
    7  2048      0.95     1.365
    8  2048      0.95     1.333
    9  2048      0.95     1.370
   10  2048      0.95     1.335
    1  2048      0.99     1.521
    2  2048      0.99     1.340
    3  2048      0.99     1.366
    4  2048      0.99     1.334
    5  2048      0.99     1.373
    6  2048      0.99     1.333
    7  2048      0.99     1.363
    8  2048      0.99     1.340
    9  2048      0.99     1.363
   10  2048      0.99     1.337
    1  2048      1.00     1.554
    2  2048      1.00     1.336
    3  2048      1.00     1.368
    4  2048      1.00     1.339
    5  2048      1.00     1.369
    6  2048      1.00     1.335
    7  2048      1.00     1.342
    8  2048      1.00     1.380
    9  2048      1.00     1.375
   10  2048      1.00     1.337
    1  4096      0.00     3.122
    2  4096      0.00     2.693
    3  4096      0.00     2.763
    4  4096      0.00     2.694
    5  4096      0.00     2.720
    6  4096      0.00     2.695
    7  4096      0.00     3.010
    8  4096      0.00     2.827
    9  4096      0.00     2.753
   10  4096      0.00     2.741
    1  4096      0.01     3.063
    2  4096      0.01     2.733
    3  4096      0.01     2.802
    4  4096      0.01     2.738
    5  4096      0.01     2.817
    6  4096      0.01     2.759
    7  4096      0.01     2.947
    8  4096      0.01     2.771
    9  4096      0.01     2.789
   10  4096      0.01     2.888
    1  4096      0.05     3.168
    2  4096      0.05     2.810
    3  4096      0.05     2.875
    4  4096      0.05     3.089
    5  4096      0.05     3.179
    6  4096      0.05     2.865
    7  4096      0.05     2.762
    8  4096      0.05     2.730
    9  4096      0.05     2.812
   10  4096      0.05     2.721
    1  4096      0.10     3.075
    2  4096      0.10     2.729
    3  4096      0.10     2.800
    4  4096      0.10     2.724
    5  4096      0.10     2.761
    6  4096      0.10     2.725
    7  4096      0.10     2.807
    8  4096      0.10     2.886
    9  4096      0.10     2.829
   10  4096      0.10     2.786
    1  4096      0.25     3.126
    2  4096      0.25     3.010
    3  4096      0.25     3.238
    4  4096      0.25     3.016
    5  4096      0.25     2.956
    6  4096      0.25     2.973
    7  4096      0.25     2.812
    8  4096      0.25     2.765
    9  4096      0.25     2.782
   10  4096      0.25     2.756
    1  4096      0.50     3.075
    2  4096      0.50     2.751
    3  4096      0.50     2.832
    4  4096      0.50     2.758
    5  4096      0.50     2.833
    6  4096      0.50     2.750
    7  4096      0.50     2.791
    8  4096      0.50     2.755
    9  4096      0.50     2.782
   10  4096      0.50     2.801
    1  4096      0.75     3.158
    2  4096      0.75     2.759
    3  4096      0.75     2.780
    4  4096      0.75     2.790
    5  4096      0.75     2.799
    6  4096      0.75     2.748
    7  4096      0.75     2.788
    8  4096      0.75     2.754
    9  4096      0.75     2.784
   10  4096      0.75     2.752
    1  4096      0.90     3.129
    2  4096      0.90     2.842
    3  4096      0.90     3.001
    4  4096      0.90     2.743
    5  4096      0.90     2.771
    6  4096      0.90     2.729
    7  4096      0.90     2.762
    8  4096      0.90     2.733
    9  4096      0.90     2.760
   10  4096      0.90     2.716
    1  4096      0.95     3.050
    2  4096      0.95     2.733
    3  4096      0.95     2.753
    4  4096      0.95     2.734
    5  4096      0.95     2.761
    6  4096      0.95     2.757
    7  4096      0.95     2.757
    8  4096      0.95     2.735
    9  4096      0.95     2.758
   10  4096      0.95     2.727
    1  4096      0.99     3.050
    2  4096      0.99     2.733
    3  4096      0.99     2.750
    4  4096      0.99     2.731
    5  4096      0.99     2.757
    6  4096      0.99     2.727
    7  4096      0.99     2.756
    8  4096      0.99     2.733
    9  4096      0.99     2.796
   10  4096      0.99     2.802
    1  4096      1.00     3.139
    2  4096      1.00     2.824
    3  4096      1.00     2.756
    4  4096      1.00     2.726
    5  4096      1.00     2.759
    6  4096      1.00     2.738
    7  4096      1.00     2.806
    8  4096      1.00     2.827
    9  4096      1.00     2.766
   10  4096      1.00     2.728
    1  8192      0.00     6.159
    2  8192      0.00     5.397
    3  8192      0.00     5.425
    4  8192      0.00     5.810
    5  8192      0.00     6.133
    6  8192      0.00     5.793
    7  8192      0.00     5.817
    8  8192      0.00     5.812
    9  8192      0.00     5.918
   10  8192      0.00     5.848
    1  8192      0.01     6.473
    2  8192      0.01     5.822
    3  8192      0.01     5.977
    4  8192      0.01     6.143
    5  8192      0.01     6.021
    6  8192      0.01     5.705
    7  8192      0.01     5.478
    8  8192      0.01     5.392
    9  8192      0.01     5.457
   10  8192      0.01     5.401
    1  8192      0.05     6.023
    2  8192      0.05     5.563
    3  8192      0.05     5.520
    4  8192      0.05     5.395
    5  8192      0.05     5.516
    6  8192      0.05     5.525
    7  8192      0.05     5.831
    8  8192      0.05     5.751
    9  8192      0.05     5.804
   10  8192      0.05     5.830
    1  8192      0.10     6.440
    2  8192      0.10     5.762
    3  8192      0.10     5.860
    4  8192      0.10     5.647
    5  8192      0.10     5.508
    6  8192      0.10     5.431
    7  8192      0.10     5.414
    8  8192      0.10     5.659
    9  8192      0.10     5.427
   10  8192      0.10     5.390
    1  8192      0.25     6.022
    2  8192      0.25     5.733
    3  8192      0.25     5.925
    4  8192      0.25     5.760
    5  8192      0.25     5.786
    6  8192      0.25     5.823
    7  8192      0.25     5.479
    8  8192      0.25     5.398
    9  8192      0.25     5.434
   10  8192      0.25     5.392
    1  8192      0.50     6.461
    2  8192      0.50     5.846
    3  8192      0.50     5.411
    4  8192      0.50     5.353
    5  8192      0.50     5.413
    6  8192      0.50     5.352
    7  8192      0.50     5.377
    8  8192      0.50     5.355
    9  8192      0.50     5.354
   10  8192      0.50     5.486
    1  8192      0.75     6.762
    2  8192      0.75     5.511
    3  8192      0.75     5.433
    4  8192      0.75     5.384
    5  8192      0.75    11.940
    6  8192      0.75     6.011
    7  8192      0.75     5.470
    8  8192      0.75     5.631
    9  8192      0.75     5.716
   10  8192      0.75     5.926
    1  8192      0.90     6.577
    2  8192      0.90     5.756
    3  8192      0.90     5.779
    4  8192      0.90     5.850
    5  8192      0.90     5.779
    6  8192      0.90     5.749
    7  8192      0.90     5.883
    8  8192      0.90     5.749
    9  8192      0.90     5.781
   10  8192      0.90     5.830
    1  8192      0.95     6.004
    2  8192      0.95     5.345
    3  8192      0.95     5.381
    4  8192      0.95     5.354
    5  8192      0.95     5.411
    6  8192      0.95     5.792
    7  8192      0.95     5.416
    8  8192      0.95     5.380
    9  8192      0.95     6.039
   10  8192      0.95     6.018
    1  8192      0.99     7.144
    2  8192      0.99     6.350
    3  8192      0.99     6.146
    4  8192      0.99     6.375
    5  8192      0.99     6.160
    6  8192      0.99     5.936
    7  8192      0.99     6.112
    8  8192      0.99     6.146
    9  8192      0.99     6.010
   10  8192      0.99     6.127
    1  8192      1.00     6.769
    2  8192      1.00     6.169
    3  8192      1.00     6.433
    4  8192      1.00     6.095
    5  8192      1.00     5.600
    6  8192      1.00     5.411
    7  8192      1.00     5.387
    8  8192      1.00     5.449
    9  8192      1.00     5.562
   10  8192      1.00     5.511
    1 16384      0.00    12.545
    2 16384      0.00    10.643
    3 16384      0.00    10.688
    4 16384      0.00    10.698
    5 16384      0.00    10.608
    6 16384      0.00    10.630
    7 16384      0.00    10.642
    8 16384      0.00    10.633
    9 16384      0.00    11.121
   10 16384      0.00    10.790
    1 16384      0.01    11.976
    2 16384      0.01    10.627
    3 16384      0.01    11.251
    4 16384      0.01    11.637
    5 16384      0.01    10.803
    6 16384      0.01    10.922
    7 16384      0.01    10.738
    8 16384      0.01    11.820
    9 16384      0.01    11.045
   10 16384      0.01    10.709
    1 16384      0.05    12.024
    2 16384      0.05    10.729
    3 16384      0.05    10.897
    4 16384      0.05    10.681
    5 16384      0.05    10.643
    6 16384      0.05    10.693
    7 16384      0.05    10.643
    8 16384      0.05    10.666
    9 16384      0.05    10.647
   10 16384      0.05    10.801
    1 16384      0.10    12.178
    2 16384      0.10    10.921
    3 16384      0.10    10.754
    4 16384      0.10    10.631
    5 16384      0.10    11.112
    6 16384      0.10    11.073
    7 16384      0.10    10.639
    8 16384      0.10    10.674
    9 16384      0.10    10.650
   10 16384      0.10    11.601
    1 16384      0.25    12.692
    2 16384      0.25    10.816
    3 16384      0.25    10.666
    4 16384      0.25    10.701
    5 16384      0.25    11.133
    6 16384      0.25    11.779
    7 16384      0.25    11.662
    8 16384      0.25    11.132
    9 16384      0.25    10.800
   10 16384      0.25    10.717
    1 16384      0.50    12.058
    2 16384      0.50    10.708
    3 16384      0.50    10.636
    4 16384      0.50    11.152
    5 16384      0.50    10.930
    6 16384      0.50    10.862
    7 16384      0.50    10.678
    8 16384      0.50    11.121
    9 16384      0.50    11.384
   10 16384      0.50    10.733
    1 16384      0.75    11.820
    2 16384      0.75    10.656
    3 16384      0.75    11.609
    4 16384      0.75    11.030
    5 16384      0.75    10.814
    6 16384      0.75    10.897
    7 16384      0.75    10.642
    8 16384      0.75    11.381
    9 16384      0.75    10.646
   10 16384      0.75    10.866
    1 16384      0.90    11.904
    2 16384      0.90    10.790
    3 16384      0.90    10.846
    4 16384      0.90    10.929
    5 16384      0.90    10.937
    6 16384      0.90    10.683
    7 16384      0.90    10.956
    8 16384      0.90    10.762
    9 16384      0.90    12.259
   10 16384      0.90    11.770
    1 16384      0.95    12.955
    2 16384      0.95    11.788
    3 16384      0.95    12.167
    4 16384      0.95    12.275
    5 16384      0.95    12.058
    6 16384      0.95    11.639
    7 16384      0.95    11.313
    8 16384      0.95    12.637
    9 16384      0.95    11.836
   10 16384      0.95    11.417
    1 16384      0.99    11.897
    2 16384      0.99    10.782
    3 16384      0.99    10.913
    4 16384      0.99    10.836
    5 16384      0.99    10.617
    6 16384      0.99    10.644
    7 16384      0.99    10.619
    8 16384      0.99    10.638
    9 16384      0.99    10.689
   10 16384      0.99    10.620
    1 16384      1.00    12.367
    2 16384      1.00    10.673
    3 16384      1.00    10.947
    4 16384      1.00    10.672
    5 16384      1.00    10.621
    6 16384      1.00    12.013
    7 16384      1.00    10.740
    8 16384      1.00    10.712
    9 16384      1.00    10.693
   10 16384      1.00    10.688
    1 32768      0.00    25.248
    2 32768      0.00    21.328
    3 32768      0.00    23.035
    4 32768      0.00    22.915
    5 32768      0.00    21.567
    6 32768      0.00    21.588
    7 32768      0.00    21.532
    8 32768      0.00    23.096
    9 32768      0.00    22.839
   10 32768      0.00    23.134
    1 32768      0.01    24.308
    2 32768      0.01    22.850
    3 32768      0.01    21.557
    4 32768      0.01    21.314
    5 32768      0.01    22.203
    6 32768      0.01    21.363
    7 32768      0.01    21.349
    8 32768      0.01    21.305
    9 32768      0.01    21.735
   10 32768      0.01    21.758
    1 32768      0.05    23.948
    2 32768      0.05    21.339
    3 32768      0.05    21.301
    4 32768      0.05    21.429
    5 32768      0.05    21.573
    6 32768      0.05    21.707
    7 32768      0.05    21.693
    8 32768      0.05    21.670
    9 32768      0.05    24.006
   10 32768      0.05    23.717
    1 32768      0.10    25.362
    2 32768      0.10    23.552
    3 32768      0.10    22.173
    4 32768      0.10    21.887
    5 32768      0.10    21.999
    6 32768      0.10    21.676
    7 32768      0.10    21.562
    8 32768      0.10    22.495
    9 32768      0.10    21.388
   10 32768      0.10    21.892
    1 32768      0.25    24.432
    2 32768      0.25    21.617
    3 32768      0.25    21.579
    4 32768      0.25    21.585
    5 32768      0.25    21.698
    6 32768      0.25    22.720
    7 32768      0.25    22.729
    8 32768      0.25    21.536
    9 32768      0.25    22.269
   10 32768      0.25    21.662
    1 32768      0.50    23.954
    2 32768      0.50    21.386
    3 32768      0.50    22.213
    4 32768      0.50    21.366
    5 32768      0.50    21.744
    6 32768      0.50    22.921
    7 32768      0.50    21.376
    8 32768      0.50    23.012
    9 32768      0.50    21.611
   10 32768      0.50    21.584
    1 32768      0.75    23.921
    2 32768      0.75    21.581
    3 32768      0.75    22.780
    4 32768      0.75    21.938
    5 32768      0.75    23.288
    6 32768      0.75    21.667
    7 32768      0.75    22.350
    8 32768      0.75    21.692
    9 32768      0.75    21.351
   10 32768      0.75    21.417
    1 32768      0.90    23.836
    2 32768      0.90    21.660
    3 32768      0.90    21.924
    4 32768      0.90    24.091
    5 32768      0.90    24.656
    6 32768      0.90    23.125
    7 32768      0.90    23.383
    8 32768      0.90    21.927
    9 32768      0.90    21.483
   10 32768      0.90    21.516
    1 32768      0.95    23.795
    2 32768      0.95    21.702
    3 32768      0.95    22.496
    4 32768      0.95    22.979
    5 32768      0.95    21.590
    6 32768      0.95    21.976
    7 32768      0.95    22.172
    8 32768      0.95    21.469
    9 32768      0.95    21.487
   10 32768      0.95    21.387
    1 32768      0.99    24.069
    2 32768      0.99    21.759
    3 32768      0.99    21.573
    4 32768      0.99    23.144
    5 32768      0.99    21.665
    6 32768      0.99    22.414
    7 32768      0.99    23.040
    8 32768      0.99    21.718
    9 32768      0.99    21.611
   10 32768      0.99    21.398
    1 32768      1.00    24.177
    2 32768      1.00    21.691
    3 32768      1.00    21.640
    4 32768      1.00    23.144
    5 32768      1.00    21.599
    6 32768      1.00    22.060
    7 32768      1.00    24.199
    8 32768      1.00    23.044
    9 32768      1.00    21.594
   10 32768      1.00    21.524
