2015 MONTHLY CO2 (PPMV)   24  12  LON/LAT (N-S/0-360E) IN 15 DEGREE RESOLUTION,  GLB ANNUAL MEAN = 399.28,  GROWTH RATE = 2.06,  MISS DATA = -99.99
 407.50 407.50 407.50 407.50 407.50 407.50 407.50 407.50 407.50 407.50 407.50 407.50 407.50 407.50 407.50 407.50 407.50 407.50 407.50 407.50 407.50 407.50 407.50 407.50
 408.12 408.76 408.69 406.58 405.36 406.60 408.72 411.30 411.52 411.13 409.13 406.93 405.41 405.66 406.60 407.76 407.97 407.26 406.33 405.67 405.68 406.06 406.44 405.96
 406.65 410.07 410.26 407.57 405.47 404.11 407.49 410.59 411.77 409.71 407.30 405.49 404.60 405.15 406.52 407.40 407.56 407.33 406.48 405.98 404.77 405.46 405.05 404.65
 405.33 408.97 411.84 410.17 405.66 403.69 406.42 411.26 410.60 407.20 405.25 403.91 403.27 403.83 405.29 406.31 405.57 405.87 405.89 404.80 404.30 403.98 403.57 402.49
 403.56 407.49 412.04 409.52 404.23 401.52 405.62 409.07 407.67 404.80 403.10 402.51 401.89 401.77 402.87 403.65 403.34 403.23 403.93 404.19 402.73 402.42 401.64 401.14
 401.36 405.48 407.70 406.15 400.87 398.77 400.94 403.34 403.14 401.38 400.98 400.89 400.42 400.19 400.48 400.79 400.32 400.88 401.69 402.21 401.49 400.40 399.92 399.54
 399.26 400.31 402.11 401.36 398.83 396.33 395.76 397.88 398.79 399.05 398.68 398.86 398.96 399.00 398.99 398.54 398.58 398.98 399.89 400.15 399.82 399.15 398.80 398.27
 396.94 396.97 397.62 398.41 397.68 395.88 394.81 395.51 396.49 397.10 397.12 397.27 397.65 398.15 398.19 398.02 397.77 397.95 398.37 398.51 398.68 398.64 398.30 397.63
 396.67 396.57 396.77 396.98 396.79 396.31 395.81 395.97 396.32 396.38 396.42 396.42 396.70 397.26 397.74 397.88 397.74 397.57 397.39 397.48 397.57 397.83 397.75 397.17
 396.38 396.23 396.07 396.00 396.06 396.08 396.06 396.03 396.08 396.11 396.06 396.08 396.18 396.64 397.32 397.65 397.46 397.00 396.73 396.51 396.75 396.82 396.81 396.63
 396.17 396.09 396.02 396.04 396.11 396.10 396.02 395.93 395.95 395.97 395.98 396.00 396.03 396.33 396.84 397.15 396.85 396.35 395.98 395.92 395.99 396.18 396.23 396.22
 396.08 396.08 396.08 396.08 396.08 396.08 396.08 396.08 396.08 396.08 396.08 396.08 396.08 396.08 396.08 396.08 396.08 396.08 396.08 396.08 396.08 396.08 396.08 396.08
 407.83 407.83 407.83 407.83 407.83 407.83 407.83 407.83 407.83 407.83 407.83 407.83 407.83 407.83 407.83 407.83 407.83 407.83 407.83 407.83 407.83 407.83 407.83 407.83
 408.75 410.24 410.91 409.02 407.32 406.95 407.67 408.64 408.52 408.06 407.37 406.95 406.84 406.72 406.67 407.21 407.55 407.58 407.05 406.63 406.73 407.14 407.59 407.01
 405.85 408.71 406.59 404.38 402.42 404.66 408.14 409.96 410.44 408.62 406.97 406.31 406.04 405.72 405.53 405.91 406.65 407.31 406.91 406.97 406.12 406.69 405.96 405.45
 402.79 398.57 395.66 391.67 397.58 403.45 407.81 410.88 410.68 407.60 405.98 405.17 404.62 404.05 403.73 404.16 404.35 405.32 405.86 405.71 405.71 404.99 404.22 403.20
 398.42 390.78 380.33 384.58 393.75 403.11 408.17 409.35 408.18 405.68 403.95 403.48 402.78 401.78 401.47 402.02 402.07 402.60 403.33 404.38 403.56 402.95 401.80 401.68
 397.01 388.17 383.41 385.18 395.60 402.76 406.34 405.85 404.43 402.10 401.65 401.37 400.67 400.01 399.81 399.99 399.85 400.29 401.14 401.85 401.49 400.30 399.78 399.74
 396.19 393.84 392.12 394.21 397.92 402.13 404.02 403.04 400.87 399.30 399.01 399.03 398.98 398.90 398.76 398.41 398.37 398.73 399.49 399.86 399.42 398.75 398.56 398.28
 396.91 396.85 397.28 397.88 399.00 400.33 401.32 400.13 398.13 396.93 397.05 397.30 397.68 398.12 398.11 397.86 397.60 397.77 398.27 398.38 398.41 398.32 398.08 397.60
 396.65 396.48 396.59 396.74 397.45 398.32 398.89 397.93 396.92 396.13 396.31 396.46 396.83 397.31 397.68 397.72 397.56 397.44 397.31 397.41 397.42 397.64 397.60 397.11
 396.27 396.08 395.92 395.86 396.10 396.38 396.46 396.21 396.02 395.98 396.09 396.17 396.32 396.73 397.29 397.51 397.28 396.85 396.59 396.40 396.62 396.69 396.70 396.54
 396.00 395.85 395.77 395.82 395.93 395.87 395.73 395.62 395.71 395.91 396.05 396.12 396.17 396.45 396.85 397.04 396.65 396.12 395.72 395.63 395.76 396.01 396.13 396.10
 395.91 395.91 395.91 395.91 395.91 395.91 395.91 395.91 395.91 395.91 395.91 395.91 395.91 395.91 395.91 395.91 395.91 395.91 395.91 395.91 395.91 395.91 395.91 395.91
 407.97 407.97 407.97 407.97 407.97 407.97 407.97 407.97 407.97 407.97 407.97 407.97 407.97 407.97 407.97 407.97 407.97 407.97 407.97 407.97 407.97 407.97 407.97 407.97
 406.95 407.68 408.12 407.40 407.12 407.49 408.86 409.80 410.20 409.35 407.95 407.00 407.03 407.09 406.71 406.78 407.22 407.76 407.78 407.30 406.99 406.99 407.34 406.63
 404.65 405.84 403.61 403.21 403.29 406.73 408.44 409.66 410.27 409.53 407.42 406.34 406.27 406.16 405.76 405.78 406.67 407.78 407.58 407.28 406.19 406.53 405.96 405.51
 402.47 396.75 392.76 390.20 399.34 407.39 410.86 410.96 411.24 408.37 406.57 405.42 404.96 404.54 404.32 404.61 404.99 405.98 406.36 405.78 405.65 405.06 404.58 404.00
 399.03 390.07 377.97 383.04 395.38 407.96 413.20 413.23 409.70 407.02 404.66 403.88 403.04 402.30 402.14 402.77 402.92 403.20 403.60 404.37 403.62 403.10 402.38 402.58
 397.40 387.68 381.94 383.87 396.48 406.19 411.13 409.86 407.13 403.35 402.33 401.65 400.84 400.34 400.24 400.34 400.06 400.43 401.20 401.85 401.43 400.24 399.84 400.17
 396.32 393.90 391.79 393.67 398.22 403.46 405.98 404.85 402.29 400.26 399.46 399.15 398.91 398.98 398.77 398.20 397.97 398.46 399.50 399.89 399.13 398.18 398.06 398.08
 397.01 397.22 397.49 397.85 399.07 400.70 401.88 400.71 398.62 397.35 397.25 397.31 397.56 397.97 397.78 397.30 396.88 397.21 397.72 397.92 397.68 397.52 397.38 397.26
 396.78 396.71 396.75 396.74 397.53 398.57 399.39 398.34 397.24 396.25 396.40 396.46 396.74 397.08 397.21 397.05 396.86 396.73 396.62 396.54 396.72 397.01 397.13 396.95
 396.37 396.21 395.99 395.91 396.13 396.51 396.69 396.47 396.15 396.04 396.09 396.18 396.30 396.53 396.82 396.87 396.67 396.34 396.07 396.00 396.13 396.36 396.52 396.53
 396.05 395.90 395.80 395.85 395.91 395.90 395.83 395.76 395.82 395.95 396.04 396.11 396.15 396.32 396.51 396.57 396.31 395.96 395.80 395.70 395.83 395.96 396.10 396.11
 395.94 395.94 395.94 395.94 395.94 395.94 395.94 395.94 395.94 395.94 395.94 395.94 395.94 395.94 395.94 395.94 395.94 395.94 395.94 395.94 395.94 395.94 395.94 395.94
 407.65 407.65 407.65 407.65 407.65 407.65 407.65 407.65 407.65 407.65 407.65 407.65 407.65 407.65 407.65 407.65 407.65 407.65 407.65 407.65 407.65 407.65 407.65 407.65
 405.78 406.12 407.36 407.33 407.11 406.79 407.50 407.92 408.38 408.20 407.77 407.39 407.45 407.46 407.33 407.45 407.77 408.05 407.85 407.25 406.87 407.07 407.69 406.47
 403.00 403.64 401.14 401.70 402.36 406.59 407.59 407.81 408.58 408.91 407.72 407.01 406.92 407.03 406.77 406.82 407.43 408.34 408.09 407.42 406.09 406.45 406.23 405.36
 400.80 392.47 387.06 384.61 397.55 408.79 410.11 408.73 408.55 408.47 407.08 406.03 405.82 405.68 405.75 405.88 406.12 407.03 407.29 406.25 405.66 405.26 404.99 404.09
 396.57 384.13 368.11 376.09 392.94 409.31 412.87 408.89 406.96 406.74 405.15 404.39 403.78 403.68 403.69 404.25 404.39 404.76 404.99 405.30 404.23 403.59 402.94 402.66
 395.22 381.60 374.65 378.33 394.57 405.95 407.85 406.30 403.68 403.13 402.47 401.69 401.20 401.30 401.51 401.49 401.18 401.67 402.54 403.08 402.37 400.77 399.95 400.13
 394.53 391.54 388.73 392.05 396.50 400.44 401.37 400.74 400.43 399.98 399.48 398.88 398.61 399.26 399.35 398.76 398.40 399.19 400.46 401.06 399.74 398.11 397.57 397.44
 396.58 397.11 397.58 398.01 397.98 397.57 397.40 397.55 397.59 397.70 397.31 397.03 397.08 397.69 397.71 397.34 396.80 397.54 398.84 399.18 398.36 397.33 396.68 396.52
 396.53 396.63 396.87 396.98 397.03 397.00 396.92 396.85 396.85 396.65 396.65 396.52 396.55 396.81 396.95 396.95 396.88 397.31 397.88 398.23 397.80 397.32 396.79 396.50
 396.32 396.31 396.23 396.21 396.22 396.26 396.32 396.33 396.36 396.47 396.50 396.46 396.38 396.48 396.67 396.80 396.86 397.08 397.32 397.42 397.35 396.97 396.55 396.40
 396.18 396.14 396.12 396.12 396.10 396.08 396.09 396.10 396.23 396.42 396.53 396.53 396.42 396.41 396.52 396.67 396.74 396.74 396.62 396.56 396.51 396.40 396.25 396.19
 396.28 396.28 396.28 396.28 396.28 396.28 396.28 396.28 396.28 396.28 396.28 396.28 396.28 396.28 396.28 396.28 396.28 396.28 396.28 396.28 396.28 396.28 396.28 396.28
 407.16 407.16 407.16 407.16 407.16 407.16 407.16 407.16 407.16 407.16 407.16 407.16 407.16 407.16 407.16 407.16 407.16 407.16 407.16 407.16 407.16 407.16 407.16 407.16
 405.23 405.88 407.61 407.62 406.74 405.43 405.98 406.65 407.39 407.38 407.16 407.02 407.33 407.46 406.84 406.03 405.59 405.43 405.50 405.69 406.21 406.81 407.12 405.94
 401.95 402.49 400.37 400.81 399.84 403.62 404.53 405.87 406.95 407.83 406.96 406.60 406.75 406.77 406.22 405.55 405.45 405.24 404.78 404.51 405.07 405.98 405.87 404.66
 399.52 390.74 385.31 382.14 393.06 401.35 403.84 404.24 406.71 407.50 406.52 405.88 405.86 405.64 405.36 404.98 405.09 405.03 404.37 403.94 404.27 404.76 404.84 403.68
 395.78 382.48 365.85 373.40 386.83 399.86 401.92 403.26 405.09 406.39 405.15 404.51 403.90 403.72 403.46 403.93 404.38 404.31 404.20 403.87 403.70 403.38 403.03 402.56
 395.08 380.48 372.79 375.98 390.34 397.59 399.71 401.05 402.42 403.34 402.69 401.75 401.05 400.97 401.32 401.70 402.00 402.48 402.99 403.23 402.57 401.21 400.38 400.54
 394.66 390.99 387.46 390.51 393.79 397.34 397.91 398.71 399.58 399.98 399.48 398.64 398.10 398.78 399.21 399.52 399.57 400.17 401.05 401.50 400.31 398.82 398.33 398.10
 396.85 396.92 397.04 397.13 397.18 397.12 397.14 397.34 397.40 397.51 397.07 396.69 396.58 397.32 397.97 398.28 398.17 398.58 399.28 399.31 398.71 397.98 397.44 397.14
 396.74 396.71 396.79 396.79 396.80 396.80 396.86 396.81 396.76 396.67 396.60 396.34 396.21 396.76 397.55 398.19 398.28 398.31 398.32 398.29 398.06 397.80 397.39 396.95
 396.57 396.52 396.50 396.45 396.36 396.36 396.47 396.55 396.62 396.80 396.86 396.59 396.24 396.57 397.43 398.07 398.14 397.97 397.85 397.82 397.71 397.36 396.91 396.70
 396.43 396.40 396.38 396.31 396.18 396.19 396.31 396.43 396.60 396.91 397.07 396.95 396.57 396.56 397.09 397.68 397.70 397.42 397.19 397.09 396.98 396.73 396.50 396.43
 396.65 396.65 396.65 396.65 396.65 396.65 396.65 396.65 396.65 396.65 396.65 396.65 396.65 396.65 396.65 396.65 396.65 396.65 396.65 396.65 396.65 396.65 396.65 396.65
 402.58 402.58 402.58 402.58 402.58 402.58 402.58 402.58 402.58 402.58 402.58 402.58 402.58 402.58 402.58 402.58 402.58 402.58 402.58 402.58 402.58 402.58 402.58 402.58
 401.35 401.54 402.76 402.57 401.60 400.19 400.49 401.19 401.84 401.99 402.30 402.92 403.99 404.58 403.99 402.69 400.38 399.22 399.68 401.35 402.42 402.77 402.73 401.89
 398.33 399.11 397.60 397.88 396.21 398.50 399.14 400.79 401.83 402.72 402.17 402.74 403.68 404.05 403.50 402.40 401.04 399.35 398.71 399.74 400.83 401.94 401.84 400.51
 396.61 389.86 386.00 383.12 390.88 396.49 398.01 399.44 402.15 403.09 402.69 402.97 403.48 403.48 402.88 402.14 401.46 401.17 400.23 399.85 400.43 401.26 401.40 400.32
 394.66 383.50 369.87 376.34 386.58 395.95 397.04 398.67 401.42 403.43 402.91 402.78 402.46 402.26 401.65 401.57 401.82 402.04 401.93 401.39 401.07 401.26 401.16 400.45
 395.46 382.96 376.12 378.80 390.37 395.70 396.52 398.10 400.18 402.24 402.06 401.30 400.59 400.20 400.22 400.32 400.60 401.16 401.64 401.88 401.55 400.87 400.29 400.34
 395.84 392.48 389.04 391.32 393.89 396.51 396.61 397.43 399.00 399.91 399.79 399.06 398.51 398.66 398.80 399.12 399.27 399.74 400.48 401.06 400.73 399.99 399.52 398.99
 397.80 397.71 397.40 397.14 396.86 396.61 396.50 397.01 397.57 397.98 397.67 397.42 397.32 397.75 398.16 398.40 398.45 398.76 399.33 399.55 399.61 399.47 398.96 398.32
 397.43 397.22 397.17 396.99 396.77 396.59 396.56 396.80 397.03 397.06 397.02 396.84 396.84 397.33 398.01 398.48 398.53 398.58 398.62 398.70 398.76 398.81 398.51 397.85
 397.03 396.95 396.88 396.81 396.60 396.53 396.67 396.88 396.98 397.08 397.06 396.89 396.69 397.05 397.84 398.38 398.39 398.24 398.13 398.11 398.08 397.92 397.59 397.32
 396.87 396.83 396.80 396.66 396.47 396.52 396.74 396.94 397.01 397.12 397.18 397.10 396.86 396.94 397.45 397.98 397.96 397.69 397.46 397.35 397.31 397.14 396.99 396.90
 396.99 396.99 396.99 396.99 396.99 396.99 396.99 396.99 396.99 396.99 396.99 396.99 396.99 396.99 396.99 396.99 396.99 396.99 396.99 396.99 396.99 396.99 396.99 396.99
 394.24 394.24 394.24 394.24 394.24 394.24 394.24 394.24 394.24 394.24 394.24 394.24 394.24 394.24 394.24 394.24 394.24 394.24 394.24 394.24 394.24 394.24 394.24 394.24
 396.39 395.02 393.49 392.56 392.99 393.85 394.13 394.23 394.31 393.94 393.64 394.40 396.36 397.90 397.23 393.05 389.82 388.11 390.07 392.67 394.99 396.41 396.75 396.54
 395.86 396.36 396.67 396.17 396.24 394.99 394.32 395.10 395.02 394.71 393.91 394.92 396.98 398.56 398.05 395.36 390.50 387.32 387.36 390.09 394.57 396.09 396.12 395.47
 396.77 399.60 401.70 402.38 398.95 395.71 394.31 396.01 396.99 396.48 396.15 397.33 398.67 399.46 399.28 396.97 395.08 390.94 389.51 392.29 395.03 396.46 396.33 396.05
 399.26 402.26 406.69 404.91 400.07 395.37 394.18 396.52 398.28 399.00 398.80 399.42 399.91 399.88 399.40 398.91 398.04 396.55 396.03 395.40 397.26 397.67 397.84 397.35
 400.21 404.04 405.21 403.85 398.34 394.55 393.39 396.11 398.51 400.48 400.25 400.07 399.86 399.61 399.14 398.65 398.79 399.35 399.28 399.18 398.80 399.13 398.81 398.95
 400.12 401.12 401.73 400.09 397.14 393.91 392.50 394.71 397.87 399.76 399.78 399.36 399.19 399.08 398.66 398.32 398.22 398.76 399.32 399.78 399.84 399.65 399.25 398.88
 398.65 398.88 398.50 398.14 396.51 394.18 392.77 394.52 397.06 398.78 398.62 398.58 398.64 398.67 398.27 397.82 397.59 398.08 398.80 399.28 399.52 399.53 399.14 398.72
 398.15 397.96 397.97 397.76 396.81 395.51 394.52 395.70 397.14 397.90 398.00 398.02 398.18 398.21 398.04 397.75 397.69 398.04 398.48 398.85 398.90 398.93 398.72 398.29
 397.55 397.49 397.42 397.45 397.12 396.66 396.53 396.94 397.43 397.69 397.74 397.82 397.90 397.91 397.83 397.73 397.71 397.91 398.10 398.21 398.24 398.17 398.01 397.86
 397.39 397.31 397.32 397.28 397.19 397.17 397.33 397.46 397.56 397.65 397.71 397.77 397.81 397.82 397.77 397.70 397.69 397.72 397.66 397.62 397.63 397.61 397.56 397.46
 397.52 397.52 397.52 397.52 397.52 397.52 397.52 397.52 397.52 397.52 397.52 397.52 397.52 397.52 397.52 397.52 397.52 397.52 397.52 397.52 397.52 397.52 397.52 397.52
 390.21 390.21 390.21 390.21 390.21 390.21 390.21 390.21 390.21 390.21 390.21 390.21 390.21 390.21 390.21 390.21 390.21 390.21 390.21 390.21 390.21 390.21 390.21 390.21
 392.08 391.89 391.57 391.47 392.05 392.30 390.93 389.47 388.82 388.84 389.13 390.00 391.35 392.38 391.89 389.49 388.36 387.54 388.16 389.12 390.93 392.33 392.48 391.94
 391.69 392.72 394.40 395.02 395.59 394.15 392.71 391.99 391.10 390.66 390.47 391.22 392.65 393.91 393.57 392.30 389.67 386.99 386.16 387.54 391.54 392.55 392.63 391.52
 392.76 396.35 399.52 401.61 398.50 395.18 393.07 394.12 393.97 393.80 393.53 394.30 395.12 395.91 395.99 394.79 393.79 389.73 387.86 390.25 392.23 393.62 393.62 392.72
 396.49 400.33 406.11 405.17 400.16 394.73 392.71 394.14 395.99 396.64 396.80 397.12 397.46 397.60 397.48 397.09 396.22 394.70 394.11 393.01 394.88 395.34 395.81 395.02
 398.97 403.37 405.54 404.90 398.61 393.80 391.55 394.11 396.56 398.94 398.76 398.57 398.47 398.53 398.30 397.90 398.12 398.43 397.82 397.17 396.80 397.83 397.90 397.92
 400.00 401.17 402.20 401.04 397.40 393.00 390.78 393.17 396.83 399.10 399.09 398.64 398.59 398.68 398.65 398.56 398.54 398.78 398.69 398.58 398.93 399.41 399.33 399.05
 399.10 399.09 398.82 398.62 396.58 393.53 391.61 393.70 396.88 398.98 398.61 398.34 398.29 398.51 398.57 398.54 398.47 398.67 398.89 399.13 399.46 399.71 399.62 399.29
 398.62 398.42 398.37 398.20 397.01 395.37 394.08 395.55 397.36 398.40 398.31 398.00 397.92 398.14 398.40 398.49 398.47 398.65 398.90 399.17 399.18 399.20 399.10 398.80
 398.08 397.99 397.89 397.88 397.54 397.00 396.82 397.25 397.87 398.29 398.30 398.12 397.83 397.92 398.23 398.43 398.42 398.44 398.49 398.51 398.54 398.48 398.37 398.29
 397.85 397.78 397.75 397.74 397.70 397.70 397.81 397.90 398.09 398.34 398.48 398.39 398.08 397.93 398.06 398.24 398.28 398.19 398.09 398.05 398.04 397.99 397.94 397.89
 397.97 397.97 397.97 397.97 397.97 397.97 397.97 397.97 397.97 397.97 397.97 397.97 397.97 397.97 397.97 397.97 397.97 397.97 397.97 397.97 397.97 397.97 397.97 397.97
 392.82 392.82 392.82 392.82 392.82 392.82 392.82 392.82 392.82 392.82 392.82 392.82 392.82 392.82 392.82 392.82 392.82 392.82 392.82 392.82 392.82 392.82 392.82 392.82
 393.19 392.53 391.55 391.10 392.96 395.35 395.99 395.32 394.71 393.90 392.74 392.07 392.23 392.91 394.73 395.81 395.63 394.62 393.67 393.05 392.82 393.23 393.67 393.20
 393.80 394.81 394.99 394.90 396.29 397.20 397.95 397.66 396.52 394.77 393.27 392.90 393.40 394.87 396.78 397.51 396.51 394.87 394.77 394.14 393.82 393.68 393.55 393.16
 394.80 397.36 399.21 399.89 398.80 398.41 398.91 399.75 398.32 396.06 394.88 394.58 395.01 396.32 398.27 398.71 397.31 395.80 395.31 395.50 394.77 394.50 394.16 393.92
 396.61 399.02 402.23 402.01 399.70 398.15 398.67 399.55 398.63 397.34 396.49 396.28 396.47 397.46 398.88 398.75 397.79 396.36 396.30 395.76 395.82 395.73 395.96 395.68
 398.16 400.27 401.65 401.68 398.70 396.91 396.80 397.89 398.15 398.12 397.70 397.44 397.62 398.26 398.69 398.43 397.64 397.24 396.88 396.83 397.00 397.83 398.02 397.88
 398.98 399.36 399.98 399.83 397.84 395.71 394.66 396.10 397.50 398.34 398.08 397.97 398.16 398.41 398.56 398.15 397.90 397.81 397.76 397.81 398.64 399.49 399.50 399.08
 398.72 398.45 398.48 398.67 397.56 395.77 394.64 395.74 397.37 398.39 398.12 397.92 397.94 398.23 398.33 398.30 398.20 398.32 398.44 398.75 399.37 399.89 399.85 399.28
 398.34 398.14 398.24 398.35 397.70 396.78 396.05 396.87 397.76 398.28 398.08 397.69 397.57 397.80 398.11 398.22 398.21 398.41 398.68 398.98 399.12 399.30 399.25 398.77
 398.05 397.99 398.04 398.06 397.84 397.58 397.58 397.83 398.08 398.26 398.16 397.86 397.52 397.60 397.91 398.17 398.24 398.35 398.46 398.51 398.55 398.59 398.50 398.31
 398.01 397.99 398.01 397.93 397.80 397.85 398.02 398.15 398.21 398.32 398.35 398.20 397.83 397.63 397.77 398.05 398.23 398.29 398.29 398.28 398.25 398.19 398.11 398.05
 398.07 398.07 398.07 398.07 398.07 398.07 398.07 398.07 398.07 398.07 398.07 398.07 398.07 398.07 398.07 398.07 398.07 398.07 398.07 398.07 398.07 398.07 398.07 398.07
 398.82 398.82 398.82 398.82 398.82 398.82 398.82 398.82 398.82 398.82 398.82 398.82 398.82 398.82 398.82 398.82 398.82 398.82 398.82 398.82 398.82 398.82 398.82 398.82
 400.20 400.13 399.84 398.57 398.99 400.58 400.99 400.89 400.20 399.71 398.90 398.27 397.84 397.69 399.20 401.33 401.96 400.69 399.27 398.10 398.14 399.18 400.68 399.74
 399.91 402.33 402.25 400.92 400.61 400.73 403.01 403.63 403.38 401.18 399.62 398.66 398.30 398.96 400.97 402.18 402.49 401.25 400.59 399.97 398.83 398.88 398.68 398.69
 399.62 402.20 404.27 403.51 401.64 400.76 402.43 405.15 404.22 401.53 399.75 398.55 398.41 399.38 401.63 402.87 401.43 400.41 400.67 400.31 399.46 398.26 397.47 397.47
 398.79 400.81 403.07 402.86 401.09 399.91 401.70 402.73 402.35 400.24 398.91 398.28 398.27 399.13 401.09 401.25 400.17 398.65 399.11 399.49 398.80 397.99 397.67 397.74
 398.70 399.99 400.96 400.76 399.29 398.66 399.23 399.61 399.51 398.65 398.32 398.16 398.41 399.06 399.69 399.62 398.43 397.79 397.78 398.22 398.50 398.73 398.64 398.43
 398.64 398.87 399.19 399.10 398.17 397.24 397.04 397.78 398.21 398.36 398.17 398.27 398.53 398.75 398.88 398.33 398.04 397.90 398.07 398.24 398.98 399.50 399.29 398.80
 398.52 398.47 398.64 398.77 398.06 396.89 396.28 396.93 397.79 398.29 398.21 398.19 398.29 398.48 398.47 398.34 398.18 398.32 398.54 398.86 399.42 399.72 399.45 398.85
 398.41 398.36 398.39 398.42 398.02 397.51 397.14 397.55 397.99 398.22 398.18 398.07 398.06 398.16 398.24 398.23 398.20 398.37 398.62 398.90 399.03 399.15 399.01 398.65
 398.30 398.25 398.19 398.10 397.94 397.86 397.94 398.07 398.12 398.17 398.14 398.08 398.00 398.03 398.13 398.19 398.20 398.29 398.38 398.39 398.49 398.51 398.47 398.40
 398.21 398.20 398.14 398.04 397.90 397.95 398.09 398.21 398.19 398.20 398.20 398.16 398.06 398.02 398.07 398.15 398.20 398.23 398.20 398.21 398.20 398.20 398.19 398.19
 398.12 398.12 398.12 398.12 398.12 398.12 398.12 398.12 398.12 398.12 398.12 398.12 398.12 398.12 398.12 398.12 398.12 398.12 398.12 398.12 398.12 398.12 398.12 398.12
 404.60 404.60 404.60 404.60 404.60 404.60 404.60 404.60 404.60 404.60 404.60 404.60 404.60 404.60 404.60 404.60 404.60 404.60 404.60 404.60 404.60 404.60 404.60 404.60
 405.77 406.79 408.12 406.88 405.01 403.80 403.59 404.30 404.17 404.19 404.31 404.23 403.90 403.46 404.31 406.00 406.73 406.23 404.68 403.34 403.02 403.98 405.58 404.74
 404.33 407.70 407.78 405.80 403.40 402.27 404.09 405.39 405.88 404.73 404.07 403.98 403.62 403.49 403.83 404.90 406.57 406.51 405.70 404.20 402.83 403.40 403.22 403.08
 402.31 403.78 405.17 402.80 402.01 402.39 404.91 407.19 406.73 403.92 403.00 402.58 402.58 402.19 402.13 402.97 403.67 405.12 404.49 403.32 402.86 402.13 401.40 400.84
 399.33 398.86 398.24 399.04 399.84 401.92 405.48 406.93 405.20 402.52 401.14 401.02 400.91 400.60 400.40 400.76 401.66 401.87 402.12 402.13 401.49 401.10 400.50 399.93
 398.67 396.99 396.51 396.94 398.26 399.56 401.49 402.40 402.19 400.44 399.82 399.75 399.71 399.57 399.63 400.02 399.91 399.96 400.04 400.48 400.64 400.52 400.20 399.71
 398.48 397.89 397.39 397.97 397.17 396.28 395.55 397.36 398.82 399.64 399.04 398.93 398.92 399.17 399.40 399.66 399.61 399.56 399.59 399.74 400.18 400.33 399.98 399.37
 398.91 398.96 399.06 399.11 397.46 394.98 393.47 395.01 397.24 398.74 398.48 398.39 398.52 398.82 399.23 399.40 399.45 399.35 399.37 399.44 399.94 400.16 399.82 399.21
 398.72 398.65 398.60 398.51 397.60 396.46 395.50 396.47 397.60 398.29 398.25 398.18 398.24 398.56 398.94 399.30 399.37 399.20 398.96 398.99 399.16 399.39 399.31 398.95
 398.45 398.33 398.16 398.01 397.75 397.49 397.46 397.71 397.95 398.16 398.13 398.14 398.11 398.27 398.65 399.03 399.11 398.78 398.51 398.33 398.47 398.53 398.58 398.55
 398.19 398.12 398.01 397.92 397.83 397.87 398.00 398.09 398.11 398.17 398.23 398.22 398.17 398.18 398.37 398.62 398.61 398.35 398.09 398.05 398.04 398.11 398.14 398.18
 398.08 398.08 398.08 398.08 398.08 398.08 398.08 398.08 398.08 398.08 398.08 398.08 398.08 398.08 398.08 398.08 398.08 398.08 398.08 398.08 398.08 398.08 398.08 398.08
 406.98 406.98 406.98 406.98 406.98 406.98 406.98 406.98 406.98 406.98 406.98 406.98 406.98 406.98 406.98 406.98 406.98 406.98 406.98 406.98 406.98 406.98 406.98 406.98
 406.88 407.63 408.63 407.40 405.42 404.09 404.40 405.85 406.36 406.46 406.44 406.52 406.75 406.51 407.21 409.89 411.15 410.93 408.92 407.02 405.62 405.34 406.10 405.70
 405.83 408.39 407.68 405.69 403.55 402.50 403.91 405.71 407.31 407.21 406.48 406.14 406.10 405.70 405.58 406.81 410.38 411.08 409.77 407.14 404.80 404.79 404.55 404.68
 404.27 404.19 404.16 401.53 402.16 403.67 405.82 407.72 408.58 406.77 405.65 404.96 404.80 404.04 403.10 404.11 406.02 408.90 407.53 405.18 404.34 403.68 403.21 403.03
 401.01 399.17 396.63 397.63 400.41 404.16 408.03 409.30 407.58 405.32 403.68 403.24 402.76 402.07 401.61 402.11 403.56 403.99 404.03 403.75 402.86 402.62 402.14 401.91
 399.61 396.84 395.64 396.31 399.20 401.89 404.28 405.18 404.60 402.49 401.67 401.46 401.02 400.70 400.85 401.35 401.00 400.85 401.11 401.80 401.92 401.44 401.12 400.84
 398.81 397.91 397.45 398.45 398.33 397.81 397.25 398.87 400.12 400.68 399.98 399.80 399.69 399.89 400.16 400.40 400.11 399.97 400.29 400.68 400.84 400.62 400.32 399.83
 398.94 398.99 399.47 399.92 398.44 395.84 394.28 395.68 397.67 399.01 398.61 398.64 398.82 399.28 399.64 399.63 399.54 399.45 399.72 399.81 400.16 400.21 399.93 399.41
 398.62 398.54 398.78 399.03 398.15 396.92 395.93 396.73 397.69 398.15 398.05 397.98 398.32 398.79 399.15 399.41 399.39 399.21 398.96 399.02 399.12 399.44 399.43 399.00
 398.25 398.10 398.09 398.06 397.88 397.55 397.43 397.60 397.75 397.86 397.73 397.85 398.00 398.41 398.80 399.11 399.11 398.68 398.38 398.10 398.37 398.50 398.63 398.52
 397.98 397.82 397.72 397.73 397.73 397.76 397.80 397.82 397.79 397.77 397.77 397.80 397.96 398.18 398.51 398.70 398.54 398.14 397.78 397.73 397.79 398.02 398.14 398.11
 397.89 397.89 397.89 397.89 397.89 397.89 397.89 397.89 397.89 397.89 397.89 397.89 397.89 397.89 397.89 397.89 397.89 397.89 397.89 397.89 397.89 397.89 397.89 397.89
