2016 MONTHLY CO2 (PPMV)   24  12  LON/LAT (N-S/0-360E) IN 15 DEGREE RESOLUTION,  GLB ANNUAL MEAN = 401.33,  GROWTH RATE = 2.05,  MISS DATA = -99.99
 410.26 410.26 410.26 410.26 410.26 410.26 410.26 410.26 410.26 410.26 410.26 410.26 410.26 410.26 410.26 410.26 410.26 410.26 410.26 410.26 410.26 410.26 410.26 410.26
 410.54 411.00 410.99 408.80 407.60 409.42 412.10 415.32 415.45 414.98 412.53 409.75 407.74 408.01 409.16 410.21 410.24 409.28 408.48 407.97 408.22 408.82 409.23 408.36
 408.70 412.57 413.25 410.60 408.17 406.25 410.45 414.26 415.64 412.97 410.12 408.01 406.93 407.62 409.21 410.04 409.65 409.30 408.44 408.20 407.09 408.10 407.65 406.89
 407.62 412.17 416.22 414.82 408.74 405.60 408.41 414.78 413.87 409.91 407.66 406.21 405.57 406.32 408.03 408.86 407.82 407.92 408.09 407.01 406.59 406.49 406.10 404.50
 406.59 411.93 418.19 414.60 407.10 402.44 406.99 411.29 410.36 407.19 405.35 404.80 404.21 404.14 405.32 406.09 405.57 405.56 406.42 406.71 405.05 404.90 404.06 403.38
 404.58 410.38 413.10 410.51 402.64 398.96 400.95 404.42 404.86 403.45 403.14 403.17 402.75 402.46 402.77 403.08 402.64 403.39 404.34 404.80 403.83 402.69 402.29 401.95
 402.33 403.73 405.91 404.24 400.38 396.38 395.47 398.47 400.36 401.06 400.78 401.12 401.28 401.28 401.28 400.85 401.05 401.52 402.47 402.61 402.11 401.41 401.25 400.78
 399.26 399.26 399.96 400.74 399.55 396.93 395.45 396.63 398.30 399.25 399.35 399.54 399.98 400.51 400.60 400.55 400.37 400.58 401.03 401.05 401.15 401.18 400.87 400.12
 398.99 398.87 399.11 399.37 399.07 398.30 397.62 397.94 398.56 398.74 398.78 398.75 399.01 399.62 400.23 400.47 400.38 400.23 400.09 400.20 400.26 400.53 400.37 399.62
 398.70 398.54 398.40 398.36 398.42 398.38 398.30 398.27 398.39 398.46 398.42 398.42 398.50 399.01 399.83 400.25 400.07 399.60 399.35 399.12 399.40 399.41 399.31 399.02
 398.49 398.40 398.34 398.39 398.50 398.48 398.35 398.21 398.25 398.31 398.34 398.36 398.36 398.69 399.30 399.69 399.37 398.82 398.39 398.32 398.38 398.59 398.61 398.57
 398.44 398.44 398.44 398.44 398.44 398.44 398.44 398.44 398.44 398.44 398.44 398.44 398.44 398.44 398.44 398.44 398.44 398.44 398.44 398.44 398.44 398.44 398.44 398.44
 410.34 410.34 410.34 410.34 410.34 410.34 410.34 410.34 410.34 410.34 410.34 410.34 410.34 410.34 410.34 410.34 410.34 410.34 410.34 410.34 410.34 410.34 410.34 410.34
 411.14 412.71 413.55 411.49 409.68 409.42 410.17 411.14 410.79 410.28 409.67 409.36 409.31 409.18 409.11 409.58 409.86 409.86 409.39 409.07 409.37 410.01 410.56 409.46
 407.43 410.67 408.33 406.11 403.96 406.82 411.07 413.04 413.33 410.98 409.17 408.69 408.49 408.10 407.78 408.10 408.65 409.39 408.99 409.35 408.60 409.50 408.62 407.69
 404.22 398.62 395.11 390.53 398.09 405.37 410.59 414.39 413.83 410.00 408.22 407.54 407.03 406.31 405.75 405.99 406.17 407.17 407.90 407.93 408.17 407.54 406.70 405.18
 399.88 390.21 376.85 381.82 393.29 404.91 411.17 412.49 411.17 408.13 406.20 405.82 405.10 403.84 403.23 403.75 403.75 404.50 405.29 406.61 405.79 405.29 403.97 403.92
 398.86 387.79 381.26 382.78 395.55 404.66 409.21 408.67 406.96 404.31 403.85 403.62 402.84 401.94 401.63 401.84 401.85 402.33 403.25 403.92 403.46 402.25 401.88 402.10
 398.30 395.16 392.63 394.51 398.91 404.26 406.98 405.84 403.25 401.42 401.15 401.24 401.15 400.96 400.79 400.55 400.63 400.99 401.65 401.90 401.25 400.65 400.83 400.78
 399.21 399.04 399.34 399.79 401.01 402.67 403.99 402.71 400.45 399.08 399.26 399.56 399.96 400.38 400.39 400.22 400.02 400.19 400.71 400.67 400.58 400.63 400.55 400.12
 398.99 398.76 398.85 398.99 399.80 400.73 401.37 400.33 399.28 398.45 398.66 398.83 399.20 399.68 400.08 400.15 400.01 399.93 399.86 399.99 399.95 400.23 400.18 399.57
 398.59 398.37 398.24 398.23 398.50 398.71 398.70 398.41 398.27 398.28 398.46 398.56 398.72 399.15 399.74 399.96 399.72 399.31 399.10 398.91 399.18 399.23 399.20 398.94
 398.31 398.13 398.06 398.16 398.33 398.22 397.98 397.79 397.91 398.21 398.42 398.53 398.57 398.88 399.30 399.48 399.03 398.46 398.00 397.91 398.07 398.39 398.52 398.46
 398.23 398.23 398.23 398.23 398.23 398.23 398.23 398.23 398.23 398.23 398.23 398.23 398.23 398.23 398.23 398.23 398.23 398.23 398.23 398.23 398.23 398.23 398.23 398.23
 410.47 410.47 410.47 410.47 410.47 410.47 410.47 410.47 410.47 410.47 410.47 410.47 410.47 410.47 410.47 410.47 410.47 410.47 410.47 410.47 410.47 410.47 410.47 410.47
 408.92 409.70 410.27 409.65 409.50 410.06 411.65 412.64 412.98 411.86 410.18 409.12 409.28 409.47 409.03 408.94 409.39 410.06 410.29 409.87 409.58 409.62 409.96 408.82
 406.11 407.40 404.86 404.85 405.22 409.43 411.21 412.49 413.00 412.02 409.52 408.41 408.50 408.45 407.97 407.89 408.74 410.08 409.94 409.72 408.59 409.07 408.34 407.59
 404.00 396.79 391.90 389.18 400.72 410.53 414.35 414.23 414.38 410.84 408.79 407.63 407.20 406.73 406.40 406.57 407.06 408.13 408.60 407.97 407.97 407.41 406.88 406.05
 400.88 389.83 374.69 380.53 395.89 411.32 417.54 417.30 412.91 409.69 406.97 406.17 405.23 404.29 403.95 404.64 404.86 405.22 405.57 406.45 405.69 405.24 404.48 404.91
 399.47 387.72 380.07 381.73 397.06 409.18 415.28 413.62 410.27 405.75 404.62 403.90 402.95 402.22 402.04 402.20 402.03 402.38 403.13 403.69 403.12 401.91 401.75 402.49
 398.52 395.43 392.55 394.08 399.50 405.96 409.38 408.01 405.00 402.56 401.66 401.37 401.05 401.01 400.74 400.22 400.08 400.57 401.52 401.70 400.60 399.67 400.00 400.39
 399.26 399.46 399.60 399.78 401.16 403.15 404.70 403.48 401.09 399.58 399.50 399.57 399.83 400.20 399.98 399.52 399.15 399.47 399.90 399.87 399.40 399.40 399.51 399.59
 399.09 399.01 399.00 398.95 399.88 401.06 402.10 400.92 399.73 398.58 398.76 398.81 399.07 399.38 399.50 399.33 399.15 399.01 398.87 398.70 398.88 399.28 399.48 399.29
 398.69 398.51 398.28 398.21 398.47 398.87 399.02 398.77 398.42 398.33 398.42 398.54 398.66 398.87 399.14 399.17 398.95 398.60 398.32 398.26 398.44 398.72 398.91 398.89
 398.36 398.17 398.07 398.15 398.24 398.19 398.06 397.93 398.02 398.23 398.37 398.47 398.51 398.67 398.83 398.86 398.57 398.19 398.02 397.91 398.09 398.28 398.46 398.45
 398.23 398.23 398.23 398.23 398.23 398.23 398.23 398.23 398.23 398.23 398.23 398.23 398.23 398.23 398.23 398.23 398.23 398.23 398.23 398.23 398.23 398.23 398.23 398.23
 409.99 409.99 409.99 409.99 409.99 409.99 409.99 409.99 409.99 409.99 409.99 409.99 409.99 409.99 409.99 409.99 409.99 409.99 409.99 409.99 409.99 409.99 409.99 409.99
 407.45 407.77 409.41 409.64 409.51 409.16 409.79 410.10 410.51 410.28 409.81 409.48 409.70 409.82 409.75 409.87 410.25 410.57 410.37 409.70 409.27 409.53 410.24 408.53
 404.05 404.70 401.78 403.01 404.15 409.26 410.09 409.91 410.62 410.99 409.75 409.10 409.17 409.43 409.14 409.23 409.96 411.08 410.80 409.95 408.41 408.85 408.56 407.35
 401.83 391.36 384.77 382.42 398.74 412.51 413.36 411.21 410.53 410.64 409.18 408.15 408.07 407.99 408.07 408.15 408.61 409.78 409.98 408.67 408.00 407.58 407.26 406.07
 397.21 381.99 362.31 372.39 393.37 413.37 417.17 411.46 409.04 408.90 407.25 406.51 405.92 405.86 405.79 406.42 406.72 407.21 407.43 407.68 406.41 405.73 405.01 404.79
 396.13 379.55 371.12 375.54 395.27 409.24 411.05 408.84 405.46 405.07 404.43 403.67 403.25 403.34 403.60 403.61 403.34 403.86 404.75 405.17 404.16 402.38 401.66 402.16
 395.77 392.24 388.82 392.73 397.86 402.28 403.32 402.49 402.32 401.91 401.44 400.85 400.59 401.33 401.49 400.93 400.66 401.49 402.67 403.03 401.15 399.34 399.15 399.34
 398.57 399.26 399.86 400.32 400.03 399.15 398.77 399.20 399.59 399.87 399.43 399.08 399.13 399.80 399.93 399.68 399.18 399.97 401.31 401.32 400.05 398.94 398.43 398.47
 398.64 398.81 399.13 399.29 399.24 398.98 398.76 398.87 399.14 399.03 398.98 398.76 398.70 398.97 399.19 399.31 399.30 399.81 400.42 400.72 400.09 399.52 398.89 398.58
 398.52 398.54 398.48 398.47 398.45 398.41 398.44 398.51 398.64 398.82 398.86 398.77 398.61 398.70 398.95 399.16 399.27 399.53 399.82 399.93 399.86 399.38 398.83 398.61
 398.44 398.40 398.39 398.39 398.35 398.30 398.31 398.32 398.51 398.77 398.91 398.89 398.71 398.66 398.79 399.00 399.10 399.10 398.94 398.87 398.82 398.73 398.56 398.46
 398.56 398.56 398.56 398.56 398.56 398.56 398.56 398.56 398.56 398.56 398.56 398.56 398.56 398.56 398.56 398.56 398.56 398.56 398.56 398.56 398.56 398.56 398.56 398.56
 409.66 409.66 409.66 409.66 409.66 409.66 409.66 409.66 409.66 409.66 409.66 409.66 409.66 409.66 409.66 409.66 409.66 409.66 409.66 409.66 409.66 409.66 409.66 409.66
 407.33 408.22 410.52 410.73 409.84 408.25 408.41 408.73 409.34 409.36 409.21 409.18 409.61 409.81 409.20 408.45 408.11 407.93 407.88 407.99 408.58 409.32 409.67 408.15
 403.35 404.05 401.66 402.80 401.99 406.49 407.11 407.96 408.85 409.78 409.02 408.76 409.02 409.10 408.49 407.87 408.02 407.84 407.23 406.71 407.39 408.43 408.30 406.84
 400.76 389.98 383.76 380.74 394.23 404.01 406.41 406.40 408.68 409.67 408.67 408.09 408.15 407.92 407.56 407.16 407.59 407.66 406.70 406.14 406.51 407.11 407.24 405.85
 396.56 380.82 361.07 370.60 386.74 402.09 404.10 405.28 407.29 408.66 407.36 406.70 406.05 405.84 405.45 406.04 406.73 406.67 406.52 406.03 405.86 405.52 405.19 404.81
 396.16 378.92 370.02 373.84 390.69 399.15 401.42 402.87 404.37 405.45 404.69 403.70 402.99 402.87 403.28 403.77 404.20 404.70 405.18 405.31 404.38 402.90 402.19 402.65
 396.01 391.82 387.76 391.35 394.91 398.82 399.42 400.36 401.40 401.90 401.33 400.44 399.85 400.64 401.19 401.68 401.88 402.48 403.23 403.42 401.74 400.13 400.03 400.10
 398.84 398.97 399.21 399.34 399.25 398.90 398.80 399.14 399.36 399.52 399.00 398.53 398.37 399.21 400.09 400.65 400.68 401.08 401.65 401.26 400.31 399.63 399.29 399.17
 398.82 398.84 398.99 399.05 398.99 398.83 398.84 398.90 398.99 398.96 398.82 398.41 398.13 398.75 399.78 400.71 400.93 400.93 400.78 400.57 400.22 399.98 399.54 399.06
 398.75 398.71 398.73 398.68 398.54 398.50 398.63 398.76 398.91 399.17 399.25 398.84 398.32 398.68 399.77 400.64 400.78 400.53 400.33 400.25 400.15 399.73 399.18 398.90
 398.66 398.64 398.63 398.53 398.35 398.35 398.51 398.67 398.91 399.34 399.55 399.36 398.81 398.74 399.41 400.17 400.20 399.83 399.52 399.41 399.28 399.03 398.77 398.67
 398.94 398.94 398.94 398.94 398.94 398.94 398.94 398.94 398.94 398.94 398.94 398.94 398.94 398.94 398.94 398.94 398.94 398.94 398.94 398.94 398.94 398.94 398.94 398.94
 405.01 405.01 405.01 405.01 405.01 405.01 405.01 405.01 405.01 405.01 405.01 405.01 405.01 405.01 405.01 405.01 405.01 405.01 405.01 405.01 405.01 405.01 405.01 405.01
 403.37 404.03 405.92 405.99 404.83 402.90 402.54 402.85 403.33 403.71 404.49 405.47 406.66 407.18 406.59 405.50 402.96 401.51 401.68 403.42 404.57 404.89 404.75 403.75
 399.67 400.89 399.52 400.56 398.73 401.11 401.35 402.64 403.49 404.49 404.26 405.27 406.34 406.64 405.95 404.88 403.66 401.76 400.77 401.72 402.69 403.94 403.83 402.29
 397.77 389.83 385.84 383.28 392.53 398.71 399.81 401.31 403.92 405.07 404.81 405.38 406.02 405.93 405.09 404.33 403.71 403.69 402.57 401.74 402.20 403.19 403.45 402.19
 395.63 382.85 367.20 375.32 387.14 397.62 398.42 400.06 403.34 405.62 405.14 405.10 404.75 404.45 403.63 403.53 403.91 404.36 404.19 403.50 402.92 403.23 403.23 402.52
 396.85 382.46 374.75 377.92 391.06 396.96 397.55 399.45 401.89 404.46 404.29 403.52 402.71 402.13 402.09 402.27 402.69 403.27 403.75 403.89 403.44 402.75 402.28 402.50
 397.48 393.72 389.81 392.40 395.05 397.76 397.75 398.81 400.84 402.04 401.97 401.20 400.56 400.57 400.68 401.17 401.49 401.97 402.60 403.04 402.51 401.79 401.57 401.14
 399.90 399.85 399.52 399.20 398.68 398.08 397.80 398.61 399.56 400.19 399.84 399.53 399.38 399.77 400.25 400.64 400.84 401.15 401.64 401.62 401.56 401.56 401.14 400.51
 399.56 399.35 399.33 399.15 398.77 398.34 398.20 398.70 399.23 399.39 399.31 399.02 398.92 399.45 400.28 400.91 401.04 401.09 401.03 401.02 401.05 401.18 400.84 400.06
 399.20 399.13 399.08 399.00 398.70 398.53 398.68 399.02 399.25 399.44 399.43 399.17 398.84 399.22 400.17 400.86 400.90 400.70 400.55 400.49 400.50 400.32 399.93 399.55
 399.10 399.06 399.03 398.84 398.57 398.62 398.92 399.19 399.32 399.51 399.62 399.50 399.13 399.15 399.73 400.39 400.37 400.05 399.75 399.63 399.60 399.44 399.28 399.15
 399.27 399.27 399.27 399.27 399.27 399.27 399.27 399.27 399.27 399.27 399.27 399.27 399.27 399.27 399.27 399.27 399.27 399.27 399.27 399.27 399.27 399.27 399.27 399.27
 396.14 396.14 396.14 396.14 396.14 396.14 396.14 396.14 396.14 396.14 396.14 396.14 396.14 396.14 396.14 396.14 396.14 396.14 396.14 396.14 396.14 396.14 396.14 396.14
 398.34 396.75 394.79 393.83 394.46 395.66 395.79 395.83 395.81 395.63 395.82 397.07 399.44 401.09 400.20 394.96 391.14 389.06 391.28 394.10 396.68 398.28 398.63 398.39
 397.65 398.24 399.34 399.41 399.85 397.53 396.08 396.65 396.26 395.95 395.61 397.45 400.01 401.86 400.97 397.44 391.31 387.68 387.69 390.79 395.94 397.79 397.87 397.13
 399.06 403.80 407.78 410.02 404.29 398.64 395.96 397.80 398.37 397.67 397.74 399.64 401.49 402.37 402.03 398.88 396.35 391.33 389.85 393.01 396.26 398.07 398.05 397.75
 402.67 408.77 417.22 414.18 405.62 397.41 395.30 398.22 400.05 400.72 400.64 401.66 402.33 402.26 401.61 400.94 399.71 397.98 397.27 396.62 398.80 399.43 399.70 399.25
 403.62 411.07 413.97 411.63 401.65 395.16 393.30 397.09 400.21 402.69 402.42 402.36 402.12 401.71 401.10 400.61 400.91 401.51 401.35 401.12 400.68 401.12 400.81 401.00
 403.18 405.21 406.71 404.01 398.96 393.51 391.25 394.67 399.30 402.12 402.16 401.71 401.49 401.20 400.63 400.33 400.33 400.98 401.51 401.97 401.99 401.80 401.35 400.93
 400.79 401.16 400.77 400.34 397.75 393.91 391.61 394.39 398.51 401.22 401.02 400.96 401.00 400.92 400.36 399.85 399.67 400.26 401.07 401.54 401.78 401.79 401.30 400.80
 400.30 400.13 400.19 399.97 398.46 396.23 394.57 396.56 399.02 400.32 400.42 400.40 400.54 400.50 400.24 399.87 399.84 400.28 400.77 401.19 401.22 401.26 400.95 400.43
 399.71 399.67 399.61 399.66 399.15 398.32 398.03 398.71 399.60 400.05 400.12 400.20 400.26 400.21 400.05 399.91 399.89 400.13 400.36 400.47 400.55 400.47 400.29 400.08
 399.61 399.52 399.55 399.48 399.34 399.27 399.48 399.66 399.85 400.00 400.09 400.16 400.18 400.15 400.03 399.91 399.88 399.92 399.83 399.80 399.84 399.88 399.85 399.71
 399.78 399.78 399.78 399.78 399.78 399.78 399.78 399.78 399.78 399.78 399.78 399.78 399.78 399.78 399.78 399.78 399.78 399.78 399.78 399.78 399.78 399.78 399.78 399.78
 391.88 391.88 391.88 391.88 391.88 391.88 391.88 391.88 391.88 391.88 391.88 391.88 391.88 391.88 391.88 391.88 391.88 391.88 391.88 391.88 391.88 391.88 391.88 391.88
 393.51 393.16 392.88 393.22 393.73 393.79 391.85 390.30 389.56 389.87 390.77 392.22 394.02 395.14 394.10 390.58 389.16 388.52 389.64 390.80 392.83 394.41 394.57 393.69
 392.67 393.65 396.83 398.67 399.39 396.22 393.54 392.66 391.60 391.31 391.81 393.38 395.30 396.72 395.82 393.76 390.22 387.41 386.72 388.62 393.31 394.52 394.54 392.95
 394.32 400.07 405.60 410.00 404.19 397.62 393.44 394.77 394.45 394.67 394.96 396.48 397.69 398.53 398.35 396.51 395.01 390.11 388.35 391.42 393.86 395.48 395.44 394.14
 399.77 407.14 417.69 415.58 406.33 396.33 392.50 394.33 397.00 398.10 398.67 399.39 399.85 399.89 399.63 399.10 397.85 396.17 395.50 394.48 396.72 397.27 397.73 396.76
 402.51 411.01 415.28 413.78 402.42 394.15 390.38 394.06 397.62 401.13 400.99 400.89 400.70 400.66 400.37 400.02 400.47 400.84 400.12 399.30 398.90 400.10 400.11 400.04
 403.24 405.51 407.63 405.45 399.51 392.39 388.99 392.55 398.00 401.43 401.47 400.89 400.76 400.78 400.79 400.88 400.99 401.31 401.13 400.98 401.43 401.97 401.72 401.27
 401.31 401.33 401.08 400.88 397.83 393.14 390.19 393.35 398.24 401.42 400.93 400.54 400.43 400.67 400.80 400.88 400.88 401.11 401.35 401.62 402.04 402.26 402.02 401.52
 400.82 400.62 400.59 400.41 398.62 396.01 393.99 396.29 399.14 400.77 400.62 400.18 400.04 400.32 400.70 400.88 400.87 401.06 401.29 401.60 401.60 401.61 401.42 401.02
 400.28 400.18 400.08 400.07 399.56 398.65 398.31 398.99 400.01 400.64 400.65 400.38 399.97 400.10 400.53 400.82 400.78 400.73 400.74 400.73 400.80 400.75 400.63 400.51
 400.06 399.98 399.94 399.92 399.85 399.81 399.96 400.08 400.37 400.71 400.89 400.76 400.33 400.13 400.32 400.55 400.56 400.40 400.24 400.20 400.21 400.21 400.17 400.11
 400.20 400.20 400.20 400.20 400.20 400.20 400.20 400.20 400.20 400.20 400.20 400.20 400.20 400.20 400.20 400.20 400.20 400.20 400.20 400.20 400.20 400.20 400.20 400.20
 394.30 394.30 394.30 394.30 394.30 394.30 394.30 394.30 394.30 394.30 394.30 394.30 394.30 394.30 394.30 394.30 394.30 394.30 394.30 394.30 394.30 394.30 394.30 394.30
 394.21 392.98 391.80 391.60 393.89 396.71 397.51 396.93 396.30 395.36 394.03 393.38 393.80 394.74 396.73 397.62 397.31 396.46 395.79 395.25 394.87 395.30 395.79 394.85
 394.72 395.58 396.30 396.90 398.68 399.25 399.68 399.33 397.93 395.90 394.41 394.27 395.12 396.96 399.09 399.66 398.18 396.51 396.87 396.38 395.94 395.68 395.42 394.66
 396.39 399.84 402.79 404.54 402.49 401.11 401.32 402.12 400.13 397.38 396.31 396.33 396.99 398.58 400.81 401.14 399.30 397.49 397.27 397.81 396.89 396.46 395.97 395.49
 399.16 403.15 408.44 407.73 403.68 400.80 401.32 402.62 401.04 399.24 398.41 398.38 398.62 399.71 401.39 401.25 399.99 398.33 398.34 397.86 397.99 397.79 397.98 397.62
 400.89 404.73 407.04 406.71 401.59 398.80 398.92 400.50 400.74 400.47 399.91 399.67 399.78 400.46 401.00 400.78 399.94 399.48 399.09 399.06 399.34 400.32 400.42 400.11
 401.57 402.36 403.47 402.94 399.93 396.88 395.58 397.68 399.56 400.71 400.31 400.13 400.28 400.52 400.74 400.39 400.17 400.12 400.09 400.20 401.30 402.29 402.08 401.40
 400.87 400.54 400.63 400.89 399.35 396.88 395.34 396.92 399.23 400.67 400.30 400.01 399.99 400.33 400.49 400.54 400.47 400.63 400.80 401.23 402.06 402.61 402.40 401.56
 400.48 400.27 400.39 400.56 399.64 398.34 397.32 398.50 399.78 400.53 400.27 399.75 399.58 399.87 400.30 400.48 400.47 400.69 400.98 401.35 401.54 401.75 401.63 401.01
 400.21 400.14 400.21 400.22 399.92 399.54 399.52 399.88 400.25 400.53 400.41 400.01 399.55 399.67 400.08 400.43 400.49 400.57 400.65 400.68 400.76 400.84 400.75 400.51
 400.19 400.16 400.18 400.06 399.88 399.94 400.16 400.34 400.44 400.61 400.67 400.47 399.98 399.72 399.91 400.26 400.44 400.47 400.45 400.44 400.42 400.38 400.31 400.24
 400.25 400.25 400.25 400.25 400.25 400.25 400.25 400.25 400.25 400.25 400.25 400.25 400.25 400.25 400.25 400.25 400.25 400.25 400.25 400.25 400.25 400.25 400.25 400.25
 400.36 400.36 400.36 400.36 400.36 400.36 400.36 400.36 400.36 400.36 400.36 400.36 400.36 400.36 400.36 400.36 400.36 400.36 400.36 400.36 400.36 400.36 400.36 400.36
 401.76 401.36 400.99 399.64 400.21 402.16 402.56 402.41 401.50 400.92 400.10 399.58 399.26 399.13 400.81 403.12 403.78 402.42 401.12 400.03 400.21 401.59 403.41 401.78
 401.20 403.81 403.98 402.80 402.45 402.39 405.12 405.83 405.46 402.72 401.07 400.17 399.90 400.68 403.06 404.36 404.50 403.03 402.50 402.05 400.92 401.01 400.75 400.48
 401.39 404.24 406.95 406.44 403.91 402.47 404.43 407.93 406.68 403.46 401.56 400.37 400.27 401.45 404.14 405.55 403.75 402.27 402.71 402.55 401.58 400.18 399.25 399.14
 401.02 403.56 406.38 405.88 403.25 401.44 403.72 405.16 404.82 402.28 400.92 400.30 400.32 401.34 403.73 403.94 402.59 400.69 401.18 401.65 400.98 399.95 399.61 399.76
 400.99 402.82 403.99 403.32 400.87 399.89 400.78 401.52 401.60 400.74 400.39 400.25 400.52 401.29 402.08 402.03 400.69 399.88 399.84 400.37 400.82 401.13 400.92 400.60
 400.83 401.23 401.66 401.24 399.63 398.18 398.03 399.27 400.14 400.51 400.30 400.40 400.66 400.89 401.06 400.49 400.19 400.05 400.26 400.56 401.56 402.14 401.67 400.93
 400.60 400.58 400.83 400.93 399.81 398.03 397.18 398.31 399.72 400.51 400.40 400.36 400.44 400.63 400.61 400.49 400.34 400.52 400.84 401.30 402.05 402.31 401.81 400.96
 400.57 400.56 400.59 400.63 400.00 399.19 398.65 399.32 400.06 400.45 400.42 400.28 400.25 400.33 400.40 400.38 400.36 400.57 400.88 401.26 401.42 401.52 401.27 400.82
 400.53 400.47 400.40 400.26 400.03 399.89 399.98 400.17 400.28 400.39 400.38 400.33 400.23 400.24 400.32 400.36 400.36 400.45 400.55 400.55 400.70 400.72 400.68 400.61
 400.43 400.42 400.34 400.19 399.99 400.05 400.22 400.39 400.38 400.43 400.46 400.42 400.31 400.25 400.28 400.33 400.35 400.37 400.32 400.34 400.35 400.38 400.38 400.40
 400.30 400.30 400.30 400.30 400.30 400.30 400.30 400.30 400.30 400.30 400.30 400.30 400.30 400.30 400.30 400.30 400.30 400.30 400.30 400.30 400.30 400.30 400.30 400.30
 406.66 406.66 406.66 406.66 406.66 406.66 406.66 406.66 406.66 406.66 406.66 406.66 406.66 406.66 406.66 406.66 406.66 406.66 406.66 406.66 406.66 406.66 406.66 406.66
 407.67 408.72 410.35 409.01 406.89 405.47 405.33 406.11 405.83 405.85 406.18 406.27 405.96 405.41 406.37 408.05 408.68 408.07 406.58 405.35 405.18 406.51 408.43 407.02
 405.66 409.28 409.21 407.05 404.12 403.36 406.05 407.52 407.94 406.47 405.91 406.11 405.78 405.52 405.78 406.89 408.52 408.40 407.71 406.23 404.97 405.73 405.52 405.08
 403.42 403.64 404.60 401.33 401.59 403.32 407.19 409.97 409.22 405.72 404.89 404.72 404.83 404.22 403.89 404.61 405.56 407.18 406.49 405.39 405.05 404.31 403.45 402.66
 400.04 397.55 394.37 396.09 398.70 403.04 408.16 409.95 407.81 404.51 403.05 403.13 403.11 402.64 402.08 402.41 403.62 404.01 404.21 404.20 403.71 403.30 402.63 401.94
 399.77 395.68 393.93 394.61 397.93 400.56 403.37 404.64 404.49 402.48 401.78 401.80 401.81 401.59 401.56 402.02 402.08 402.14 402.16 402.64 402.96 402.91 402.49 401.89
 399.94 398.77 397.58 398.55 397.70 396.92 396.08 398.54 400.60 401.80 401.09 400.99 400.97 401.25 401.55 402.02 402.02 401.94 401.85 402.05 402.64 402.83 402.32 401.53
 401.09 401.21 401.35 401.29 398.97 395.61 393.65 395.81 398.88 400.92 400.63 400.52 400.66 400.96 401.51 401.82 401.96 401.80 401.80 401.85 402.47 402.68 402.18 401.39
 400.96 400.93 400.85 400.72 399.46 397.87 396.58 397.94 399.52 400.52 400.48 400.41 400.45 400.79 401.25 401.74 401.86 401.65 401.34 401.37 401.56 401.79 401.62 401.19
 400.72 400.58 400.37 400.16 399.79 399.41 399.36 399.71 400.07 400.38 400.37 400.40 400.37 400.53 400.96 401.42 401.53 401.11 400.77 400.54 400.71 400.76 400.81 400.79
 400.41 400.33 400.18 400.04 399.91 399.95 400.12 400.25 400.30 400.40 400.50 400.50 400.46 400.46 400.66 400.93 400.89 400.55 400.22 400.16 400.16 400.26 400.31 400.38
 400.25 400.25 400.25 400.25 400.25 400.25 400.25 400.25 400.25 400.25 400.25 400.25 400.25 400.25 400.25 400.25 400.25 400.25 400.25 400.25 400.25 400.25 400.25 400.25
 408.94 408.94 408.94 408.94 408.94 408.94 408.94 408.94 408.94 408.94 408.94 408.94 408.94 408.94 408.94 408.94 408.94 408.94 408.94 408.94 408.94 408.94 408.94 408.94
 408.39 408.96 410.18 408.88 406.75 405.24 405.78 407.47 408.01 408.21 408.44 408.74 409.11 408.59 408.89 411.76 413.31 413.51 411.41 409.35 407.76 407.48 408.31 407.56
 406.98 409.55 408.24 406.07 403.47 402.98 405.24 407.30 409.22 409.21 408.64 408.51 408.56 407.74 406.88 407.92 412.52 413.69 412.31 409.32 406.84 406.84 406.57 406.55
 405.38 403.28 402.18 398.35 400.78 404.21 407.51 409.80 410.89 409.01 407.94 407.40 407.33 406.10 404.20 405.08 407.74 411.47 409.75 407.16 406.37 405.76 405.24 404.97
 401.45 396.71 390.45 392.76 398.46 405.21 410.47 411.77 410.08 407.63 405.95 405.61 405.14 404.13 403.12 403.49 405.42 406.12 406.10 405.71 404.93 404.77 404.27 404.05
 400.43 394.28 391.32 392.55 398.55 403.08 406.11 407.25 406.78 404.63 403.78 403.65 403.20 402.75 402.79 403.32 403.04 402.86 403.09 403.85 404.05 403.61 403.29 403.04
 400.06 398.27 396.91 398.60 398.87 398.62 397.92 400.00 401.84 402.74 402.01 401.88 401.76 401.97 402.32 402.76 402.47 402.23 402.45 402.84 403.02 402.80 402.52 402.00
 401.10 401.17 401.74 402.15 400.10 396.63 394.62 396.55 399.28 401.07 400.63 400.71 400.92 401.41 401.91 402.02 402.01 401.86 402.14 402.15 402.52 402.56 402.23 401.63
 400.80 400.73 401.02 401.32 400.12 398.46 397.15 398.27 399.60 400.29 400.17 400.10 400.48 401.00 401.43 401.81 401.85 401.66 401.39 401.46 401.53 401.86 401.78 401.24
 400.43 400.26 400.27 400.23 399.97 399.52 399.35 399.59 399.83 400.00 399.87 400.03 400.20 400.66 401.09 401.47 401.51 401.03 400.71 400.37 400.69 400.79 400.90 400.74
 400.12 399.93 399.81 399.83 399.82 399.85 399.91 399.94 399.92 399.92 399.94 399.98 400.19 400.43 400.80 401.01 400.83 400.37 399.92 399.86 399.92 400.19 400.32 400.28
 400.04 400.04 400.04 400.04 400.04 400.04 400.04 400.04 400.04 400.04 400.04 400.04 400.04 400.04 400.04 400.04 400.04 400.04 400.04 400.04 400.04 400.04 400.04 400.04
