2014 MONTHLY CO2 (PPMV)   24  12  LON/LAT (N-S/0-360E) IN 15 DEGREE RESOLUTION,  GLB ANNUAL MEAN = 396.74,  GROWTH RATE = 1.84,  MISS DATA = -99.99
 403.42 403.42 403.42 403.42 403.42 403.42 403.42 403.42 403.42 403.42 403.42 403.42 403.42 403.42 403.42 403.42 403.42 403.42 403.42 403.42 403.42 403.42 403.42 403.42
 405.42 405.49 404.28 401.74 402.43 402.98 404.07 403.05 402.82 402.52 402.30 402.02 401.90 401.94 403.36 407.26 408.74 408.20 405.17 403.35 402.68 402.58 403.30 403.82
 404.02 405.76 401.39 397.65 397.93 403.74 406.09 405.25 403.85 403.43 402.25 401.66 401.28 401.47 402.69 405.36 408.50 407.86 405.70 404.08 402.19 402.25 402.04 402.70
 401.14 395.71 390.79 384.01 392.56 402.92 410.21 407.49 405.97 403.20 401.89 400.93 400.29 400.46 401.49 403.84 404.22 405.36 404.20 402.67 401.97 400.81 400.29 401.32
 392.85 383.36 371.42 377.35 388.53 404.56 412.27 411.74 405.72 402.63 400.64 399.91 399.25 399.33 400.27 400.95 400.88 400.77 400.94 401.36 400.13 399.15 398.26 398.81
 390.34 378.09 375.52 379.44 392.55 405.04 413.56 411.24 405.49 400.94 399.71 398.91 398.17 398.23 398.27 398.24 397.45 397.52 398.14 398.96 399.02 397.73 396.83 396.47
 389.98 387.80 386.19 391.15 395.26 403.81 408.31 406.50 400.50 398.34 397.48 396.99 396.86 396.66 396.25 395.39 395.25 395.62 396.56 397.26 397.45 396.74 395.58 394.70
 394.41 394.56 394.98 395.42 396.17 398.78 400.35 399.01 395.92 394.95 394.99 395.10 395.23 395.43 394.95 394.47 394.22 394.46 394.85 395.38 395.77 395.48 394.97 394.52
 394.10 394.04 394.10 394.10 394.09 394.73 394.46 394.01 393.11 393.07 393.37 393.64 394.10 394.43 394.62 394.38 394.22 394.02 393.73 393.75 393.92 394.08 394.20 394.15
 393.72 393.70 393.44 393.14 393.01 393.09 393.20 393.14 393.14 393.27 393.42 393.42 393.49 393.74 394.14 394.25 394.04 393.62 393.27 393.10 393.15 393.32 393.50 393.69
 393.48 393.58 393.50 393.26 392.97 392.89 392.98 393.14 393.24 393.36 393.48 393.53 393.46 393.52 393.74 393.91 393.69 393.35 393.16 393.11 393.11 393.12 393.18 393.30
 393.31 393.31 393.31 393.31 393.31 393.31 393.31 393.31 393.31 393.31 393.31 393.31 393.31 393.31 393.31 393.31 393.31 393.31 393.31 393.31 393.31 393.31 393.31 393.31
 405.26 405.26 405.26 405.26 405.26 405.26 405.26 405.26 405.26 405.26 405.26 405.26 405.26 405.26 405.26 405.26 405.26 405.26 405.26 405.26 405.26 405.26 405.26 405.26
 406.00 406.68 406.69 405.14 405.11 405.29 406.93 407.34 407.49 406.62 405.22 404.27 404.18 404.11 403.70 404.17 404.87 405.42 405.02 404.16 403.57 403.23 403.52 404.43
 404.02 405.61 402.01 399.08 398.22 402.86 406.13 406.54 406.50 405.78 404.49 403.39 403.06 403.03 402.98 403.41 405.03 405.92 405.63 404.74 403.32 402.89 402.46 402.78
 399.40 394.01 389.35 383.16 390.36 399.46 405.23 405.11 405.01 404.23 403.17 401.97 401.47 401.59 402.33 403.36 403.46 404.62 404.69 403.89 403.07 401.75 400.73 400.88
 390.54 380.65 368.90 375.88 385.30 397.30 402.98 403.73 402.87 402.45 401.33 400.45 399.81 400.33 401.30 401.80 401.63 401.45 402.25 402.61 401.49 400.15 398.93 397.97
 388.96 375.95 373.86 378.93 389.65 395.94 399.57 400.96 401.09 400.85 400.17 399.34 398.78 399.05 399.27 398.99 398.01 398.47 399.32 400.37 400.18 398.73 397.32 396.18
 389.62 387.34 385.95 391.84 394.03 396.58 397.05 398.00 398.43 398.49 398.03 397.48 397.41 397.37 396.96 396.00 395.71 396.20 397.50 398.34 398.50 397.47 395.93 394.79
 394.53 394.86 395.50 396.24 396.37 396.21 396.18 396.24 395.70 395.63 395.38 395.31 395.48 395.87 395.43 394.82 394.46 394.85 395.50 396.29 396.64 396.00 395.11 394.56
 394.26 394.23 394.36 394.36 394.54 395.32 395.63 394.99 394.06 393.55 393.52 393.47 393.95 394.55 394.91 394.67 394.44 394.36 394.37 394.54 394.65 394.47 394.32 394.20
 393.79 393.76 393.40 393.01 393.00 393.68 394.37 394.27 393.87 393.65 393.42 393.11 393.10 393.56 394.22 394.48 394.29 393.99 393.76 393.71 393.63 393.62 393.60 393.76
 393.53 393.60 393.48 393.17 392.82 392.95 393.29 393.70 393.76 393.68 393.48 393.23 393.01 393.17 393.63 394.03 393.92 393.63 393.47 393.37 393.36 393.28 393.27 393.36
 393.34 393.34 393.34 393.34 393.34 393.34 393.34 393.34 393.34 393.34 393.34 393.34 393.34 393.34 393.34 393.34 393.34 393.34 393.34 393.34 393.34 393.34 393.34 393.34
 404.92 404.92 404.92 404.92 404.92 404.92 404.92 404.92 404.92 404.92 404.92 404.92 404.92 404.92 404.92 404.92 404.92 404.92 404.92 404.92 404.92 404.92 404.92 404.92
 405.88 406.21 405.86 403.76 404.28 405.11 406.69 406.08 405.61 405.29 405.06 405.03 405.21 405.10 404.47 404.45 404.73 405.01 404.61 404.05 403.73 403.67 404.00 404.61
 403.58 404.67 400.08 396.41 395.96 402.61 407.12 406.50 405.87 405.25 404.64 404.23 404.08 403.95 403.55 403.62 404.82 405.35 405.16 404.45 403.67 403.56 403.32 403.35
 398.16 390.21 384.21 376.63 386.38 398.66 406.19 406.11 405.36 404.45 403.39 402.60 402.49 402.52 402.79 403.33 403.41 404.45 404.29 403.91 403.53 402.75 401.96 401.43
 387.53 374.02 358.37 367.96 380.58 396.03 403.27 404.17 403.66 402.82 401.43 400.83 400.67 401.28 401.75 401.94 401.85 401.77 402.68 402.93 402.32 401.39 400.25 398.59
 386.82 368.82 365.66 372.51 386.64 394.54 398.64 400.81 401.48 401.46 400.31 399.45 399.07 399.49 399.61 399.21 398.32 399.14 400.15 401.31 401.24 399.96 398.47 396.94
 388.41 384.95 382.20 389.49 392.21 395.25 395.59 397.21 398.64 399.09 398.38 397.51 397.23 397.30 396.95 396.16 395.91 396.60 398.19 399.31 399.63 398.56 396.90 395.55
 395.07 395.32 395.61 396.01 395.76 395.16 394.89 395.57 395.82 396.23 395.82 395.53 395.40 395.64 395.21 394.73 394.46 395.01 395.92 396.99 397.47 396.80 395.85 395.17
 394.54 394.37 394.54 394.54 394.55 394.93 395.08 394.76 394.31 394.02 394.01 393.99 394.34 394.69 394.85 394.62 394.49 394.51 394.70 395.01 395.18 395.02 394.84 394.60
 393.82 393.74 393.53 393.41 393.47 393.97 394.48 394.45 394.21 394.10 393.95 393.73 393.73 394.00 394.38 394.50 394.38 394.22 394.10 394.12 394.01 393.97 393.90 393.97
 393.50 393.49 393.45 393.37 393.29 393.47 393.75 394.07 394.14 394.11 393.99 393.83 393.67 393.73 393.99 394.21 394.14 393.93 393.83 393.75 393.70 393.53 393.45 393.46
 393.66 393.66 393.66 393.66 393.66 393.66 393.66 393.66 393.66 393.66 393.66 393.66 393.66 393.66 393.66 393.66 393.66 393.66 393.66 393.66 393.66 393.66 393.66 393.66
 405.25 405.25 405.25 405.25 405.25 405.25 405.25 405.25 405.25 405.25 405.25 405.25 405.25 405.25 405.25 405.25 405.25 405.25 405.25 405.25 405.25 405.25 405.25 405.25
 406.25 406.66 406.70 404.92 404.66 404.31 405.91 405.84 406.02 405.75 405.49 405.10 404.87 404.47 404.05 404.26 404.77 405.27 405.13 404.73 404.55 404.69 405.17 405.54
 403.59 404.28 400.12 396.64 395.34 401.68 406.07 407.15 407.16 407.01 405.57 404.81 404.36 403.81 403.27 403.40 404.31 405.41 405.43 405.10 404.01 404.18 404.25 404.10
 398.78 389.99 383.33 374.82 385.22 398.01 406.49 407.33 408.29 406.77 405.13 404.09 403.52 402.98 402.58 402.79 403.05 404.32 405.02 404.29 403.62 403.21 402.94 402.40
 392.95 378.10 359.57 365.12 379.03 396.23 404.58 406.91 406.18 405.47 403.47 402.85 402.40 402.07 401.80 401.87 401.87 402.82 403.33 403.56 402.62 402.07 401.38 400.27
 392.64 375.97 367.18 369.46 385.42 395.07 400.70 403.10 403.87 403.49 402.29 401.31 400.45 400.41 399.88 399.45 399.25 400.26 401.24 402.01 401.97 400.77 399.56 398.78
 392.93 388.66 384.32 387.34 391.00 395.74 397.02 398.67 399.97 400.45 399.68 398.71 398.30 398.12 397.45 396.62 396.42 397.37 398.95 400.14 400.45 399.35 397.75 396.72
 395.56 395.59 395.34 395.09 395.16 395.50 395.74 396.28 396.36 396.87 396.68 396.59 396.42 396.42 395.62 394.92 394.55 395.27 396.37 397.65 398.19 397.45 396.42 395.66
 395.00 394.79 394.79 394.67 394.83 395.38 395.72 395.16 394.48 394.28 394.69 395.09 395.58 395.57 395.31 394.75 394.63 394.78 395.16 395.60 395.81 395.64 395.41 395.09
 394.30 394.21 394.12 394.23 394.37 394.80 395.00 394.73 394.35 394.38 394.67 394.88 395.05 395.03 394.89 394.70 394.62 394.67 394.72 394.77 394.68 394.59 394.45 394.49
 393.94 393.86 393.88 394.00 394.17 394.33 394.35 394.33 394.27 394.47 394.70 394.90 394.98 394.89 394.75 394.63 394.61 394.61 394.62 394.60 394.47 394.17 394.00 393.97
 394.35 394.35 394.35 394.35 394.35 394.35 394.35 394.35 394.35 394.35 394.35 394.35 394.35 394.35 394.35 394.35 394.35 394.35 394.35 394.35 394.35 394.35 394.35 394.35
 404.27 404.27 404.27 404.27 404.27 404.27 404.27 404.27 404.27 404.27 404.27 404.27 404.27 404.27 404.27 404.27 404.27 404.27 404.27 404.27 404.27 404.27 404.27 404.27
 403.75 402.89 402.70 400.98 399.41 398.06 402.06 405.00 406.72 406.44 406.23 405.66 405.59 405.15 404.00 402.49 401.93 402.25 403.08 403.65 404.17 404.66 405.10 404.87
 400.46 399.67 393.92 390.40 386.41 392.48 398.33 404.07 406.52 407.64 405.65 405.14 404.95 404.43 403.46 402.34 401.72 402.06 402.19 402.67 402.96 403.97 404.06 403.35
 395.65 381.90 372.29 361.74 374.06 387.79 397.45 401.33 406.88 406.55 405.02 404.16 403.93 403.56 403.18 402.60 402.08 402.16 402.42 402.09 402.44 402.81 402.80 402.00
 389.25 368.05 341.79 350.23 368.37 388.69 396.74 401.03 403.45 405.34 403.39 402.89 402.56 402.67 402.62 402.44 402.20 402.59 402.53 402.41 402.05 401.93 401.35 400.21
 390.05 366.42 354.01 357.87 379.67 390.91 395.78 398.79 401.58 403.31 402.55 401.30 400.50 400.85 400.55 400.16 400.02 400.93 401.64 402.12 402.10 400.97 399.72 398.91
 391.26 385.11 378.86 383.51 388.27 393.63 394.01 396.12 398.96 400.57 399.98 398.76 398.22 398.33 397.94 397.33 397.14 398.11 399.64 400.87 401.13 399.89 398.06 396.88
 395.53 395.42 395.11 394.83 394.36 393.75 393.41 394.69 396.05 397.33 397.00 396.75 396.39 396.51 395.94 395.50 395.21 396.03 397.25 398.64 399.11 398.10 396.76 395.76
 395.03 394.82 394.88 394.86 394.66 394.36 394.13 394.25 394.43 394.70 395.06 395.39 395.76 395.82 395.71 395.41 395.43 395.68 396.22 396.70 396.82 396.35 395.79 395.24
 394.52 394.47 394.54 394.77 394.80 394.76 394.66 394.59 394.62 394.80 395.08 395.26 395.39 395.44 395.45 395.45 395.46 395.56 395.63 395.77 395.56 395.31 394.94 394.76
 394.38 394.33 394.41 394.59 394.76 394.83 394.76 394.68 394.69 394.89 395.13 395.33 395.38 395.34 395.34 395.37 395.38 395.35 395.33 395.25 395.15 394.80 394.57 394.45
 394.88 394.88 394.88 394.88 394.88 394.88 394.88 394.88 394.88 394.88 394.88 394.88 394.88 394.88 394.88 394.88 394.88 394.88 394.88 394.88 394.88 394.88 394.88 394.88
 399.85 399.85 399.85 399.85 399.85 399.85 399.85 399.85 399.85 399.85 399.85 399.85 399.85 399.85 399.85 399.85 399.85 399.85 399.85 399.85 399.85 399.85 399.85 399.85
 399.50 396.34 394.43 391.64 391.46 392.35 398.46 402.01 403.96 402.60 400.65 399.61 400.93 402.17 401.51 398.92 396.98 397.01 398.83 400.89 401.88 402.51 402.87 401.79
 395.95 394.47 387.62 383.21 380.52 388.50 395.07 400.64 402.57 402.90 399.95 399.25 400.62 401.83 401.55 399.96 397.69 396.61 397.43 399.03 400.74 401.73 401.55 399.95
 392.08 377.85 368.09 357.34 370.95 386.21 397.07 399.21 403.80 402.27 400.67 400.15 400.89 401.54 401.90 400.90 399.72 398.36 397.83 399.27 400.34 400.79 400.37 398.90
 386.76 364.99 338.57 347.81 368.10 390.48 399.12 402.70 402.42 402.94 401.01 400.65 400.60 401.03 401.19 401.11 400.57 399.77 399.92 400.00 400.63 400.40 399.65 398.19
 389.26 365.18 352.49 357.31 381.41 394.79 401.04 402.13 402.89 402.44 401.37 400.02 399.35 399.79 399.91 399.40 398.83 399.43 400.05 400.91 401.01 400.25 399.10 398.57
 391.64 385.36 379.01 384.15 390.70 398.26 399.71 400.23 400.50 400.43 399.40 397.92 397.32 398.06 398.17 397.55 397.18 397.80 399.11 400.24 400.62 399.71 398.34 397.46
 396.40 396.30 395.97 395.74 396.40 397.68 398.46 398.39 397.65 397.51 396.82 396.20 395.83 396.52 396.73 396.57 396.19 396.74 397.64 398.66 399.09 398.40 397.43 396.67
 395.70 395.42 395.52 395.51 395.97 396.92 397.61 396.79 395.76 395.19 395.17 395.08 395.17 395.63 396.10 396.36 396.34 396.44 396.79 397.09 397.20 396.84 396.48 395.96
 394.99 394.93 395.03 395.29 395.52 396.06 396.27 395.91 395.37 395.24 395.19 395.04 394.95 395.25 395.84 396.23 396.25 396.17 396.09 396.21 395.99 395.80 395.49 395.33
 394.81 394.78 394.89 395.08 395.27 395.45 395.41 395.33 395.20 395.26 395.25 395.18 395.02 395.13 395.52 395.94 395.95 395.71 395.62 395.47 395.46 395.19 395.00 394.88
 395.17 395.17 395.17 395.17 395.17 395.17 395.17 395.17 395.17 395.17 395.17 395.17 395.17 395.17 395.17 395.17 395.17 395.17 395.17 395.17 395.17 395.17 395.17 395.17
 394.37 394.37 394.37 394.37 394.37 394.37 394.37 394.37 394.37 394.37 394.37 394.37 394.37 394.37 394.37 394.37 394.37 394.37 394.37 394.37 394.37 394.37 394.37 394.37
 396.71 396.21 396.74 394.70 393.91 392.78 394.93 395.13 395.46 393.36 390.36 389.34 391.21 393.35 392.89 391.99 389.72 388.94 390.10 393.36 396.04 397.44 397.77 397.41
 392.83 392.58 386.18 381.84 379.26 387.58 394.27 396.51 396.29 394.49 390.72 389.86 391.72 392.89 393.28 393.43 392.58 389.17 388.63 392.21 396.77 397.88 397.17 395.71
 387.56 372.34 361.27 350.09 366.44 384.20 394.70 396.36 398.41 396.32 394.18 393.96 394.36 395.03 395.02 395.97 395.92 393.22 390.98 394.82 397.78 398.21 396.91 395.24
 382.06 357.41 327.81 339.06 364.89 390.10 398.07 397.99 398.74 399.00 397.64 397.44 397.49 397.48 397.51 397.75 397.55 396.16 396.27 396.52 398.55 398.31 397.35 395.39
 386.63 359.39 345.07 351.55 382.28 399.92 404.88 402.20 401.02 400.60 399.91 398.79 398.22 398.54 398.41 397.70 397.10 397.47 397.68 398.26 398.23 398.37 397.74 397.56
 390.99 383.89 376.62 382.81 394.40 406.90 410.87 406.56 402.37 399.34 398.92 397.73 397.37 397.89 397.85 397.03 396.58 396.87 397.55 398.05 398.27 398.19 398.05 397.86
 397.35 397.20 396.71 396.35 400.16 406.85 410.86 407.33 401.03 397.48 397.04 396.64 396.41 396.88 396.85 396.55 396.16 396.52 397.01 397.55 397.78 397.87 397.82 397.65
 396.57 396.22 396.20 396.06 398.36 402.89 406.28 402.76 398.13 395.71 395.75 395.74 395.87 396.11 396.29 396.31 396.27 396.43 396.79 397.01 397.11 397.09 397.14 396.85
 395.71 395.59 395.60 395.81 396.57 398.80 399.90 398.63 396.39 395.72 395.73 395.68 395.65 395.80 396.06 396.23 396.25 396.35 396.41 396.56 396.41 396.34 396.14 396.06
 395.40 395.30 395.35 395.54 395.77 396.32 396.26 396.17 395.68 395.73 395.76 395.74 395.68 395.72 395.90 396.09 396.15 396.08 396.07 395.96 395.93 395.69 395.57 395.48
 395.66 395.66 395.66 395.66 395.66 395.66 395.66 395.66 395.66 395.66 395.66 395.66 395.66 395.66 395.66 395.66 395.66 395.66 395.66 395.66 395.66 395.66 395.66 395.66
 390.68 390.68 390.68 390.68 390.68 390.68 390.68 390.68 390.68 390.68 390.68 390.68 390.68 390.68 390.68 390.68 390.68 390.68 390.68 390.68 390.68 390.68 390.68 390.68
 394.08 394.23 393.25 388.81 390.70 392.75 395.00 392.23 391.29 390.34 388.84 388.22 388.94 390.20 391.30 392.30 391.25 388.88 387.33 388.14 390.16 391.49 391.72 392.39
 390.92 392.27 383.10 375.60 376.05 390.48 399.57 397.51 395.31 393.47 390.63 389.33 389.90 390.82 391.79 393.15 392.60 388.46 386.00 386.53 390.16 391.60 392.41 392.06
 385.34 367.98 354.73 339.86 361.95 388.04 403.62 401.91 400.12 396.48 393.86 392.60 392.37 392.89 393.17 394.01 394.45 391.10 387.85 389.07 390.35 392.37 393.40 392.58
 377.89 349.14 313.90 327.41 359.36 393.05 405.95 404.90 401.25 398.56 396.41 395.45 395.34 395.48 395.41 395.68 395.58 394.28 393.29 391.50 392.92 393.68 394.67 393.62
 383.24 350.82 334.37 342.54 378.98 400.43 408.44 405.46 402.40 399.12 398.00 397.04 396.88 397.22 397.05 396.52 396.29 396.19 395.48 394.85 394.45 395.32 395.69 396.08
 388.89 380.59 372.26 380.31 392.51 405.98 409.46 406.11 401.55 398.37 397.76 397.30 397.28 397.52 397.38 396.72 396.30 396.29 396.09 395.90 395.81 396.27 396.91 397.21
 397.14 396.99 396.72 396.57 399.72 405.07 408.23 405.16 399.91 396.96 397.03 397.11 397.13 397.23 396.91 396.49 396.15 396.26 396.35 396.39 396.34 396.82 397.28 397.46
 396.57 396.30 396.33 396.29 398.15 401.80 404.50 401.70 397.96 396.15 396.46 396.75 396.93 396.82 396.56 396.26 396.20 396.36 396.67 396.77 396.80 396.90 397.05 396.87
 396.03 395.95 395.96 396.10 396.70 398.51 399.40 398.40 396.63 396.22 396.50 396.73 396.83 396.71 396.45 396.25 396.25 396.47 396.63 396.80 396.69 396.64 396.46 396.33
 395.90 395.84 395.88 395.98 396.09 396.51 396.48 396.43 396.09 396.28 396.52 396.73 396.84 396.73 396.53 396.35 396.34 396.40 396.46 396.42 396.38 396.20 396.08 395.99
 396.24 396.24 396.24 396.24 396.24 396.24 396.24 396.24 396.24 396.24 396.24 396.24 396.24 396.24 396.24 396.24 396.24 396.24 396.24 396.24 396.24 396.24 396.24 396.24
 393.09 393.09 393.09 393.09 393.09 393.09 393.09 393.09 393.09 393.09 393.09 393.09 393.09 393.09 393.09 393.09 393.09 393.09 393.09 393.09 393.09 393.09 393.09 393.09
 394.69 395.38 394.16 391.40 393.42 396.80 398.07 395.64 394.26 393.79 393.61 393.18 392.82 392.80 393.89 394.82 394.72 393.05 391.88 391.38 392.01 392.47 392.58 393.05
 393.15 394.25 390.39 386.34 387.16 394.34 400.50 399.45 397.83 395.85 393.87 393.52 393.18 393.30 394.04 395.20 395.04 393.71 392.11 391.97 392.80 393.64 393.51 392.92
 389.58 383.06 377.95 371.04 379.77 390.58 396.40 398.80 398.48 396.70 394.72 393.88 393.70 393.90 394.49 394.89 395.37 394.33 393.10 392.77 393.64 394.39 394.31 393.06
 386.59 374.34 359.49 365.62 377.87 389.52 393.20 392.82 395.70 396.55 395.20 394.61 394.61 395.11 395.28 395.32 395.22 394.89 394.20 393.68 393.99 394.76 394.66 393.61
 390.03 375.90 368.83 372.43 386.37 392.34 391.66 392.05 393.47 396.03 396.13 395.56 395.80 396.27 396.40 396.10 395.68 395.28 394.77 394.29 394.15 394.69 395.17 395.58
 393.30 389.84 386.19 389.73 392.73 394.98 394.05 393.92 395.12 395.87 396.35 396.41 396.68 396.87 396.92 396.57 396.32 396.00 395.41 394.84 394.65 395.26 396.20 396.81
 397.19 397.29 397.12 397.01 396.47 395.65 395.18 395.48 395.92 396.24 396.43 396.64 396.81 396.92 396.89 396.83 396.74 396.52 396.11 395.62 395.45 396.09 396.77 397.22
 396.69 396.51 396.65 396.63 396.35 395.93 395.54 395.68 395.94 396.16 396.35 396.53 396.67 396.73 396.77 396.75 396.73 396.64 396.47 396.29 396.28 396.52 396.80 396.79
 396.22 396.22 396.26 396.38 396.34 396.19 396.04 395.97 396.08 396.23 396.40 396.52 396.58 396.66 396.71 396.72 396.69 396.60 396.55 396.52 396.52 396.55 396.52 396.46
 396.19 396.19 396.25 396.31 396.34 396.30 396.20 396.10 396.12 396.27 396.42 396.52 396.58 396.62 396.67 396.68 396.61 396.52 396.47 396.46 396.43 396.36 396.31 396.23
 396.37 396.37 396.37 396.37 396.37 396.37 396.37 396.37 396.37 396.37 396.37 396.37 396.37 396.37 396.37 396.37 396.37 396.37 396.37 396.37 396.37 396.37 396.37 396.37
 399.45 399.45 399.45 399.45 399.45 399.45 399.45 399.45 399.45 399.45 399.45 399.45 399.45 399.45 399.45 399.45 399.45 399.45 399.45 399.45 399.45 399.45 399.45 399.45
 399.45 400.29 400.87 400.28 401.90 403.62 404.13 402.55 401.66 401.35 400.27 398.91 397.95 398.26 399.54 400.61 400.92 399.73 398.53 397.30 396.96 397.06 397.54 398.20
 398.26 399.70 398.68 397.50 399.04 403.39 406.03 404.33 402.57 401.14 399.37 398.19 397.59 398.24 399.08 400.10 400.30 400.29 399.39 398.42 397.36 397.80 397.67 397.41
 394.94 393.60 392.57 389.58 394.49 401.32 405.70 405.02 402.68 399.98 398.25 397.09 396.89 397.43 398.22 398.34 398.36 398.92 398.82 397.89 397.74 397.61 397.25 396.29
 392.88 388.66 383.79 386.03 390.59 397.77 402.46 403.07 400.78 398.89 397.20 396.53 396.37 396.81 397.04 396.77 396.31 396.30 396.89 397.24 396.68 396.95 396.39 395.37
 394.59 389.53 387.01 387.62 391.56 394.18 396.77 398.42 398.33 397.53 396.91 396.53 396.51 396.68 396.85 396.53 395.56 395.43 395.66 395.96 395.87 395.91 396.20 396.49
 396.02 394.84 393.50 394.33 393.28 392.77 392.03 394.35 396.01 396.93 396.59 396.59 396.67 396.75 396.88 396.56 396.44 396.11 395.98 395.59 395.53 395.96 396.75 397.21
 397.21 397.24 397.19 397.11 395.44 392.76 391.30 392.81 395.03 396.32 396.35 396.41 396.53 396.70 396.92 397.11 397.18 396.94 396.50 396.03 395.94 396.50 397.08 397.39
 396.70 396.52 396.71 396.78 395.94 394.37 393.12 394.07 395.42 396.14 396.15 396.17 396.28 396.54 396.91 397.14 397.14 396.96 396.67 396.44 396.43 396.70 396.98 396.90
 396.23 396.21 396.29 396.47 396.30 395.68 395.25 395.40 395.92 396.14 396.13 396.09 396.12 396.40 396.82 397.09 397.05 396.82 396.64 396.55 396.55 396.60 396.57 396.50
 396.18 396.16 396.25 396.34 396.42 396.30 396.16 396.03 396.08 396.14 396.13 396.10 396.09 396.27 396.61 396.88 396.83 396.67 396.56 396.54 396.47 396.37 396.31 396.24
 396.32 396.32 396.32 396.32 396.32 396.32 396.32 396.32 396.32 396.32 396.32 396.32 396.32 396.32 396.32 396.32 396.32 396.32 396.32 396.32 396.32 396.32 396.32 396.32
 403.24 403.24 403.24 403.24 403.24 403.24 403.24 403.24 403.24 403.24 403.24 403.24 403.24 403.24 403.24 403.24 403.24 403.24 403.24 403.24 403.24 403.24 403.24 403.24
 402.55 403.44 405.04 406.75 407.57 407.78 405.45 404.05 403.34 403.56 403.25 402.66 401.70 401.72 402.28 404.37 405.49 405.45 403.74 402.11 401.25 400.98 401.39 401.45
 402.29 404.61 409.70 412.68 415.25 410.85 406.72 405.00 404.04 403.64 403.12 401.85 400.98 401.27 402.25 403.50 405.45 405.45 404.00 402.63 400.98 401.15 400.67 400.08
 402.73 414.35 422.88 429.71 420.83 411.65 406.03 405.30 403.65 402.94 401.71 400.44 399.89 400.49 401.54 403.02 402.64 403.22 402.64 401.40 400.93 400.46 399.86 398.72
 406.02 421.62 441.75 434.59 419.57 405.96 403.01 403.37 402.20 401.06 399.94 399.19 398.84 399.22 400.34 400.66 400.10 399.36 399.87 400.33 399.47 399.45 398.79 397.97
 404.54 422.11 430.77 425.88 407.21 398.78 397.99 399.71 399.75 399.32 398.75 398.39 398.10 398.15 398.61 398.64 397.62 397.47 397.84 398.39 398.32 398.07 398.06 397.96
 402.07 406.44 410.84 405.85 399.80 394.43 394.38 396.13 397.27 397.90 397.57 397.41 397.30 397.35 397.43 397.10 396.99 396.94 397.38 397.41 397.45 397.50 397.70 397.70
 397.07 397.01 397.07 397.10 396.08 394.52 393.68 394.58 395.78 396.57 396.57 396.58 396.65 396.91 397.02 397.03 396.99 397.07 397.12 397.18 397.22 397.39 397.50 397.40
 396.56 396.37 396.62 396.78 396.36 395.48 394.70 395.04 395.58 395.92 395.97 396.02 396.21 396.53 396.87 397.02 397.02 397.02 397.04 397.03 397.06 397.10 397.13 396.86
 396.15 396.13 396.26 396.46 396.42 396.07 395.75 395.68 395.90 395.99 395.97 395.92 395.96 396.25 396.69 396.97 396.98 396.93 396.88 396.89 396.79 396.73 396.57 396.41
 396.12 396.11 396.21 396.33 396.43 396.36 396.19 396.02 395.99 395.99 395.96 395.92 395.90 396.09 396.45 396.80 396.86 396.78 396.75 396.69 396.59 396.40 396.27 396.18
 396.26 396.26 396.26 396.26 396.26 396.26 396.26 396.26 396.26 396.26 396.26 396.26 396.26 396.26 396.26 396.26 396.26 396.26 396.26 396.26 396.26 396.26 396.26 396.26
 406.57 406.57 406.57 406.57 406.57 406.57 406.57 406.57 406.57 406.57 406.57 406.57 406.57 406.57 406.57 406.57 406.57 406.57 406.57 406.57 406.57 406.57 406.57 406.57
 405.97 406.59 407.10 407.96 408.77 409.39 407.45 406.37 405.93 405.81 405.29 404.58 403.91 405.87 412.20 415.80 414.96 409.57 407.16 405.59 404.52 403.97 404.21 404.13
 405.80 408.72 414.22 416.67 419.77 414.39 408.90 407.60 406.21 405.60 404.35 403.38 402.96 405.90 412.31 416.19 412.41 408.87 407.20 405.94 403.68 403.84 403.29 402.64
 406.81 421.40 431.99 440.06 428.47 416.65 409.87 408.44 406.64 404.60 403.06 401.99 401.56 403.94 409.40 410.49 408.22 405.98 405.96 404.10 403.34 402.91 402.35 401.07
 410.48 430.40 456.02 446.74 427.42 410.31 406.60 407.86 405.05 403.23 401.51 400.84 400.33 401.47 403.55 404.52 403.38 402.53 402.68 403.08 401.74 401.79 401.04 400.09
 407.67 430.14 441.39 435.40 411.48 400.44 399.95 402.38 402.33 401.16 400.32 399.87 399.32 399.40 400.10 400.59 399.88 399.78 400.26 400.85 400.82 400.16 399.73 399.26
 403.77 409.34 415.26 409.33 401.47 394.27 393.86 396.49 398.05 398.93 398.40 398.30 398.24 398.26 398.34 397.96 397.95 398.18 398.97 399.35 399.48 399.10 398.61 398.14
 397.10 397.09 397.50 397.95 396.56 394.00 392.51 393.76 395.50 396.69 396.80 396.93 397.14 397.54 397.57 397.40 397.22 397.41 397.64 397.95 398.20 398.13 397.87 397.48
 396.56 396.37 396.83 397.28 396.55 395.06 393.88 394.43 395.23 395.74 395.87 396.03 396.33 396.79 397.22 397.33 397.25 397.09 396.87 396.84 396.96 397.14 397.22 396.91
 396.11 396.07 396.27 396.49 396.30 395.65 395.28 395.39 395.79 395.93 395.96 395.87 395.91 396.26 396.87 397.21 397.13 396.80 396.52 396.37 396.38 396.49 396.53 396.42
 396.07 396.06 396.11 396.13 396.09 395.95 395.87 395.87 395.96 395.99 395.98 395.94 395.87 396.05 396.46 396.86 396.81 396.55 396.40 396.34 396.28 396.24 396.21 396.14
 396.15 396.15 396.15 396.15 396.15 396.15 396.15 396.15 396.15 396.15 396.15 396.15 396.15 396.15 396.15 396.15 396.15 396.15 396.15 396.15 396.15 396.15 396.15 396.15
